1,1,408.38,517.78,90.01,68.97,0.85,0,1.0
1,2,1293.91,540.06,482.38,184.95,0.83,0,1.0
1,3,261.77,425.17,331.25,83.53,0.68,2,1.0
1,4,674.36,395.97,488.40,113.79,0.61,2,1.0
2,1,408.22,518.84,89.24,66.89,0.84,0,1.0
2,2,1300.95,540.38,479.84,184.24,0.88,0,1.0
2,3,261.82,425.62,330.98,83.01,0.69,2,1.0
2,4,673.42,396.27,489.55,113.04,0.59,2,1.0
3,1,406.38,518.10,89.31,67.48,0.83,0,1.0
3,2,1307.78,539.96,481.83,184.31,0.84,0,1.0
3,3,261.61,425.38,331.70,83.28,0.67,2,1.0
3,5,1260.38,510.16,88.05,59.60,0.63,0,1.0
4,1,404.96,518.21,88.92,68.57,0.83,0,1.0
4,2,1313.42,539.39,485.99,183.81,0.79,0,1.0
4,3,261.32,424.88,331.27,84.44,0.71,2,1.0
5,1,403.41,517.82,88.60,68.55,0.85,0,1.0
5,2,1323.70,540.18,481.93,178.93,0.81,0,1.0
5,3,259.88,425.03,332.12,83.73,0.69,2,1.0
5,6,1258.22,510.45,80.37,58.21,0.51,0,1.0
6,1,401.77,517.77,89.98,69.75,0.85,0,1.0
6,2,1335.60,540.53,480.63,177.69,0.76,0,1.0
6,3,261.54,424.69,331.66,84.68,0.68,2,1.0
6,5,1258.41,510.33,77.45,58.35,0.50,0,1.0
7,1,400.40,518.17,89.92,70.95,0.85,0,1.0
7,2,1340.87,540.59,484.77,178.44,0.80,0,1.0
7,3,260.65,425.73,331.41,83.54,0.71,2,1.0
7,5,1255.74,510.20,92.08,61.01,0.68,0,1.0
8,1,398.04,517.34,91.44,72.06,0.85,0,1.0
8,2,1352.09,540.70,478.54,177.18,0.79,0,1.0
8,3,260.15,425.80,332.06,82.68,0.67,2,1.0
8,6,1254.79,509.25,88.54,60.72,0.41,0,1.0
8,7,73.81,597.29,101.13,155.08,0.50,3,1.0
9,1,397.76,517.61,90.89,71.22,0.85,0,1.0
9,2,1359.14,541.10,479.15,177.29,0.78,0,1.0
9,3,261.19,424.69,331.58,83.92,0.68,2,1.0
9,5,1255.05,509.53,77.77,60.68,0.37,0,1.0
10,1,396.49,517.72,90.19,70.09,0.83,0,1.0
10,2,1365.19,540.39,484.70,179.00,0.79,0,1.0
10,3,260.41,424.28,332.35,84.19,0.68,2,1.0
10,5,1253.47,509.45,92.22,60.85,0.71,0,1.0
11,1,394.96,518.69,90.23,69.56,0.84,0,1.0
11,2,1377.13,542.06,479.08,178.27,0.76,0,1.0
11,3,259.53,425.20,332.79,84.16,0.73,2,1.0
11,5,1253.10,510.16,93.14,61.13,0.74,0,1.0
11,7,72.84,596.26,102.13,156.15,0.33,3,1.0
12,1,393.24,517.98,90.86,69.76,0.85,0,1.0
12,2,1385.72,540.38,479.08,180.69,0.78,0,1.0
12,3,259.28,424.92,332.89,83.21,0.68,2,1.0
12,5,1253.04,509.80,91.29,60.54,0.69,0,1.0
13,1,393.16,517.75,90.06,69.45,0.85,0,1.0
13,2,1392.22,540.59,479.65,181.26,0.81,0,1.0
13,3,259.74,423.82,332.54,83.94,0.71,2,1.0
13,6,1252.47,509.90,90.15,60.47,0.34,0,1.0
13,7,71.57,594.75,105.73,156.67,0.27,3,1.0
14,1,392.41,518.79,89.52,68.23,0.85,0,1.0
14,2,1402.87,541.90,477.55,180.85,0.79,0,1.0
14,3,259.75,424.20,333.26,84.28,0.72,2,1.0
14,6,1251.80,511.03,90.73,60.31,0.67,0,1.0
15,1,391.81,518.46,88.29,68.46,0.86,0,1.0
15,2,1409.03,542.23,482.30,178.90,0.86,0,1.0
15,3,259.29,424.26,333.60,83.26,0.73,2,1.0
15,6,1251.09,510.85,91.38,60.02,0.74,0,1.0
16,1,391.52,518.21,87.60,69.08,0.86,0,1.0
16,2,1418.81,540.85,483.59,180.87,0.83,0,1.0
16,3,259.55,424.61,333.48,82.82,0.73,2,1.0
16,6,1249.85,510.90,92.45,60.29,0.60,0,1.0
17,1,389.68,517.49,89.25,70.02,0.87,0,1.0
17,2,1428.82,542.25,480.99,179.40,0.70,0,1.0
17,3,259.20,424.89,333.80,82.27,0.71,2,1.0
17,5,1249.03,510.67,93.31,60.83,0.45,0,1.0
18,1,388.71,518.43,89.86,69.80,0.85,0,1.0
18,2,1436.52,542.60,480.79,181.23,0.73,0,1.0
18,3,259.63,424.33,333.71,83.95,0.73,2,1.0
18,7,72.23,593.09,104.56,156.69,0.28,3,1.0
18,6,1248.16,510.64,93.88,61.54,0.49,0,1.0
19,1,386.82,517.94,90.82,68.56,0.86,0,1.0
19,2,1441.33,542.41,475.47,180.67,0.72,0,1.0
19,3,258.92,424.18,334.18,83.41,0.72,2,1.0
19,5,1246.28,510.27,95.75,60.88,0.32,0,1.0
20,1,385.68,518.56,90.30,67.63,0.86,0,1.0
20,3,258.92,424.49,334.50,83.15,0.71,2,1.0
20,7,73.25,591.18,103.42,157.87,0.28,3,1.0
20,6,1244.56,510.52,95.13,61.10,0.36,0,1.0
21,1,384.19,518.66,90.86,67.84,0.87,0,1.0
21,3,259.30,424.04,333.90,83.23,0.73,2,1.0
21,5,1242.76,510.56,79.28,63.30,0.42,0,1.0
21,8,1459.17,543.12,459.23,182.06,0.64,0,1.0
22,1,382.78,519.07,91.25,67.44,0.82,0,1.0
22,3,259.86,424.56,333.33,83.03,0.71,2,1.0
22,5,1241.82,509.64,79.53,62.78,0.62,0,1.0
22,8,1467.17,543.82,452.83,180.84,0.57,0,1.0
22,2,1468.87,544.00,449.54,180.09,0.39,0,1.0
22,7,72.51,590.20,104.17,158.01,0.30,3,1.0
23,1,381.00,518.38,91.56,68.95,0.84,0,1.0
23,3,259.11,424.41,334.02,83.24,0.74,2,1.0
23,5,1240.68,508.60,81.02,63.23,0.57,0,1.0
23,8,1477.20,543.28,441.08,183.54,0.54,0,1.0
24,1,380.07,519.39,91.62,69.04,0.85,0,1.0
24,3,258.97,424.80,334.33,83.77,0.74,2,1.0
24,5,1239.15,508.99,99.14,62.55,0.71,0,1.0
24,8,1486.24,545.71,433.76,182.90,0.69,0,1.0
25,1,379.36,518.24,90.81,69.92,0.84,0,1.0
25,3,259.10,424.05,334.33,83.69,0.73,2,1.0
25,5,1239.13,508.52,86.67,63.83,0.64,0,1.0
25,8,1494.51,545.04,421.82,180.05,0.76,0,1.0
25,2,1493.75,545.04,424.60,179.49,0.42,0,1.0
26,1,377.99,518.42,90.82,70.90,0.84,0,1.0
26,3,259.22,424.12,334.35,84.51,0.73,2,1.0
26,5,1237.79,509.61,96.39,62.15,0.78,0,1.0
26,8,1500.16,546.01,418.52,181.00,0.80,0,1.0
26,7,73.30,588.31,104.54,158.07,0.36,3,1.0
27,1,376.54,517.90,91.65,70.81,0.85,0,1.0
27,3,259.08,424.06,334.60,84.05,0.73,2,1.0
27,5,1237.41,509.27,88.56,62.01,0.66,0,1.0
27,8,1507.82,545.39,411.17,182.55,0.87,0,1.0
28,1,376.28,518.32,89.77,70.96,0.83,0,1.0
28,3,259.13,424.15,334.54,84.21,0.72,2,1.0
28,8,1518.70,547.70,400.24,177.90,0.87,0,1.0
28,6,1237.30,509.66,92.02,61.11,0.36,0,1.0
28,7,73.57,587.34,103.97,158.57,0.35,3,1.0
29,1,373.43,517.98,91.75,72.33,0.83,0,1.0
29,3,259.40,424.02,334.02,84.38,0.74,2,1.0
29,8,1530.07,548.55,389.28,176.47,0.72,0,1.0
29,6,1236.28,510.15,95.67,61.55,0.51,0,1.0
29,5,1236.28,510.15,95.67,61.55,0.30,0,1.0
30,1,372.96,518.37,91.37,70.82,0.77,0,1.0
30,3,259.58,423.98,334.10,84.90,0.72,2,1.0
30,8,1535.81,552.46,384.10,172.51,0.56,0,1.0
30,6,1234.69,510.52,94.53,61.48,0.58,0,1.0
30,7,74.37,587.20,103.52,158.63,0.33,3,1.0
31,1,371.26,518.82,92.03,69.98,0.83,0,1.0
31,3,259.13,424.35,334.47,84.62,0.72,2,1.0
31,6,1233.23,509.95,95.36,61.97,0.70,0,1.0
31,2,1545.35,557.27,374.65,165.86,0.39,0,1.0
32,1,369.59,518.24,93.48,69.43,0.85,0,1.0
32,3,259.22,424.83,334.38,83.80,0.69,2,1.0
32,2,1551.57,563.33,368.43,159.22,0.64,0,1.0
32,5,1232.14,510.20,96.25,61.70,0.50,0,1.0
33,1,369.37,517.95,92.26,68.64,0.86,0,1.0
33,3,259.36,424.99,334.63,83.35,0.71,2,1.0
33,2,1555.13,544.16,364.87,177.52,0.58,0,1.0
33,8,1557.69,544.92,362.31,176.80,0.29,0,1.0
33,6,1231.12,509.43,97.95,62.62,0.47,0,1.0
34,1,367.98,517.89,92.15,68.88,0.86,0,1.0
34,3,259.01,424.79,335.72,84.12,0.70,2,1.0
34,8,1565.44,546.24,354.56,174.11,0.69,0,1.0
34,5,1230.31,509.61,98.02,63.26,0.46,0,1.0
35,1,367.83,517.33,90.80,69.17,0.86,0,1.0
35,3,259.52,425.01,335.09,83.62,0.69,2,1.0
35,8,1573.53,547.01,346.47,173.61,0.57,0,1.0
35,5,1229.74,509.00,97.56,63.37,0.64,0,1.0
35,9,1581.15,630.27,131.79,89.19,0.51,0,1.0
36,1,366.64,518.57,91.01,68.16,0.85,0,1.0
36,3,259.25,425.41,335.84,83.48,0.71,2,1.0
36,5,1228.67,508.86,98.23,62.96,0.57,0,1.0
36,9,1589.20,631.30,129.69,88.72,0.81,0,1.0
36,7,77.50,584.64,105.40,159.96,0.33,3,1.0
37,1,365.42,517.21,91.19,69.97,0.87,0,1.0
37,3,259.73,425.25,335.59,82.56,0.70,2,1.0
37,9,1599.44,628.73,134.66,91.55,0.82,0,1.0
37,6,1228.37,508.63,97.79,62.42,0.27,0,1.0
38,1,364.09,517.95,90.88,68.83,0.86,0,1.0
38,3,259.95,425.54,335.04,82.90,0.71,2,1.0
38,5,1227.34,509.12,98.68,62.26,0.31,0,1.0
38,7,78.34,584.00,104.52,161.07,0.27,3,1.0
39,1,362.96,517.63,91.52,68.97,0.87,0,1.0
39,3,260.20,425.67,334.71,82.41,0.71,2,1.0
39,5,1226.66,509.56,100.26,62.26,0.51,0,1.0
39,9,1616.04,630.86,133.50,87.02,0.62,0,1.0
39,10,1616.04,630.86,133.50,87.02,0.62,0,1.0
40,1,362.12,517.57,90.04,68.48,0.87,0,1.0
40,3,260.40,425.36,334.30,82.88,0.70,2,1.0
40,5,1225.91,509.80,99.38,61.97,0.62,0,1.0
40,7,78.97,584.04,104.29,160.98,0.29,3,1.0
41,1,361.60,517.46,90.31,68.98,0.87,0,1.0
41,3,260.08,425.18,334.58,82.75,0.70,2,1.0
41,5,1224.66,509.95,99.18,61.50,0.79,0,1.0
42,1,360.69,517.56,88.54,67.53,0.82,0,1.0
42,3,260.17,425.41,334.95,82.83,0.69,2,1.0
42,5,1223.60,510.04,100.04,61.25,0.77,0,1.0
42,8,1638.30,544.52,281.70,172.54,0.27,0,1.0
42,7,80.34,584.71,102.97,161.03,0.38,3,1.0
43,1,360.08,518.40,87.42,66.95,0.83,0,1.0
43,3,259.91,425.70,335.34,82.83,0.70,2,1.0
43,7,80.27,585.44,102.31,159.52,0.60,3,1.0
43,2,1647.14,541.84,272.86,177.85,0.47,0,1.0
43,6,1221.79,510.14,102.03,61.63,0.48,0,1.0
44,1,358.85,518.56,87.03,66.80,0.83,0,1.0
44,3,260.11,425.51,335.09,83.06,0.68,2,1.0
44,7,79.91,585.22,103.22,159.79,0.63,3,1.0
44,2,1654.45,540.71,265.55,180.13,0.54,0,1.0
44,4,672.68,398.66,488.26,111.33,0.27,2,1.0
44,5,1220.60,510.20,100.93,61.30,0.29,0,1.0
45,1,357.95,518.49,86.93,66.31,0.83,0,1.0
45,3,260.77,425.22,334.48,83.14,0.69,2,1.0
45,2,1666.21,541.16,253.79,178.71,0.60,0,1.0
45,5,1217.89,510.02,103.23,61.67,0.76,0,1.0
46,1,356.60,518.46,87.16,65.90,0.83,0,1.0
46,3,259.98,425.19,335.30,83.25,0.72,2,1.0
46,5,1218.02,509.65,101.25,61.67,0.52,0,1.0
46,8,1675.89,541.25,244.11,179.42,0.46,0,1.0
46,7,80.50,585.85,102.71,158.85,0.79,3,1.0
46,11,80.50,585.85,102.71,158.85,0.79,3,1.0
47,1,356.32,519.33,86.14,65.72,0.84,0,1.0
47,3,259.96,425.32,335.52,84.03,0.71,2,1.0
47,5,1216.78,510.54,102.76,61.78,0.56,0,1.0
47,11,80.66,585.88,102.32,159.36,0.75,3,1.0
47,4,673.72,397.55,488.44,113.11,0.42,2,1.0
47,2,1682.22,540.24,237.78,181.71,0.41,0,1.0
48,1,355.67,518.74,84.98,65.21,0.84,0,1.0
48,3,260.01,425.53,335.37,83.15,0.72,2,1.0
48,11,80.63,585.80,102.59,159.20,0.74,3,1.0
48,2,1692.18,582.64,227.78,137.59,0.60,0,1.0
48,6,1216.50,509.58,103.00,62.20,0.50,0,1.0
49,1,355.17,519.07,84.38,65.95,0.86,0,1.0
49,3,260.23,425.55,335.48,83.73,0.74,2,1.0
49,11,81.51,586.63,102.73,158.97,0.63,3,1.0
49,6,1215.60,509.82,103.93,62.23,0.58,0,1.0
49,8,1699.71,581.37,220.09,140.10,0.45,0,1.0
49,4,673.10,397.34,488.88,113.35,0.33,2,1.0
50,1,354.19,518.20,84.50,68.05,0.86,0,1.0
50,3,260.16,425.62,335.12,83.22,0.75,2,1.0
50,11,80.87,587.06,103.04,157.78,0.63,3,1.0
50,6,1214.72,509.80,102.20,61.53,0.62,0,1.0
50,2,1706.27,574.99,213.57,146.69,0.41,0,1.0
51,1,354.28,519.49,82.85,67.50,0.86,0,1.0
51,3,259.92,425.59,335.62,83.82,0.75,2,1.0
51,11,80.10,587.87,103.41,158.01,0.59,3,1.0
51,6,1212.88,509.99,105.38,62.11,0.66,0,1.0
51,8,1716.84,570.44,203.16,152.51,0.32,0,1.0
51,4,673.80,396.83,488.36,114.02,0.44,2,1.0
52,1,352.93,519.20,83.45,69.52,0.85,0,1.0
52,3,259.66,425.67,335.57,83.56,0.75,2,1.0
52,11,80.13,588.09,102.82,156.95,0.56,3,1.0
52,6,1211.46,508.75,105.68,63.14,0.67,0,1.0
53,1,351.46,518.80,83.92,69.89,0.85,0,1.0
53,3,259.67,425.27,335.61,83.87,0.75,2,1.0
53,11,80.36,588.68,102.47,156.90,0.50,3,1.0
53,6,1210.41,508.63,104.95,62.94,0.54,0,1.0
53,8,1732.89,584.78,185.99,138.95,0.31,0,1.0
53,4,673.88,397.94,488.11,112.49,0.37,2,1.0
54,1,350.38,519.37,82.82,68.89,0.86,0,1.0
54,3,259.96,425.62,334.80,83.68,0.74,2,1.0
54,11,80.49,590.18,101.64,155.27,0.56,3,1.0
54,6,1210.68,509.43,90.74,62.08,0.75,0,1.0
54,8,1749.34,585.51,169.51,136.70,0.53,0,1.0
55,1,349.09,519.15,83.14,68.91,0.86,0,1.0
55,3,259.79,425.74,335.09,83.36,0.73,2,1.0
55,11,80.06,591.54,101.54,154.95,0.69,3,1.0
55,6,1209.70,509.53,89.50,62.41,0.84,0,1.0
55,8,1750.03,627.57,169.49,94.82,0.71,0,1.0
55,4,674.01,397.31,488.00,113.22,0.28,2,1.0
56,1,347.01,520.46,83.37,66.36,0.83,0,1.0
56,3,260.43,425.47,334.56,83.94,0.73,2,1.0
56,11,80.41,593.07,101.80,153.56,0.64,3,1.0
56,6,1207.21,509.37,95.26,62.88,0.86,0,1.0
56,8,1760.01,628.94,159.44,93.51,0.88,0,1.0
57,1,345.92,519.34,83.28,66.31,0.85,0,1.0
57,3,259.85,425.57,335.03,83.39,0.72,2,1.0
57,11,79.88,593.27,101.93,152.88,0.63,3,1.0
57,6,1204.61,509.04,100.66,62.82,0.79,0,1.0
57,8,1770.28,627.99,149.72,94.28,0.91,0,1.0
57,4,673.53,397.31,488.11,112.95,0.29,2,1.0
58,1,344.95,519.09,83.77,65.99,0.85,0,1.0
58,3,259.72,425.55,335.32,83.75,0.74,2,1.0
58,11,79.89,595.19,101.74,150.49,0.66,3,1.0
58,6,1204.83,509.12,99.39,62.42,0.70,0,1.0
58,8,1777.37,628.62,142.63,95.43,0.92,0,1.0
59,1,344.22,519.34,84.62,66.55,0.85,0,1.0
59,3,259.68,425.62,335.49,83.72,0.74,2,1.0
59,11,80.67,595.65,100.36,148.41,0.74,3,1.0
59,6,1203.27,509.14,99.49,62.11,0.74,0,1.0
59,8,1787.20,625.66,132.80,98.38,0.92,0,1.0
60,1,344.02,518.83,84.01,67.06,0.84,0,1.0
60,3,259.60,425.80,335.16,83.46,0.73,2,1.0
60,11,80.23,597.09,100.72,147.81,0.67,3,1.0
60,6,1203.62,508.97,96.65,62.00,0.67,0,1.0
60,8,1794.31,626.12,125.69,97.99,0.91,0,1.0
60,4,672.74,398.27,488.35,111.80,0.28,2,1.0
61,1,343.42,517.74,82.08,67.66,0.85,0,1.0
61,3,259.79,425.60,335.05,82.92,0.76,2,1.0
61,11,80.84,597.87,100.57,147.39,0.54,3,1.0
61,8,1802.86,625.26,117.14,98.80,0.93,0,1.0
61,5,1202.92,507.43,102.63,62.33,0.50,0,1.0
62,1,342.62,519.30,82.94,68.57,0.84,0,1.0
62,3,260.01,425.35,334.88,83.67,0.77,2,1.0
62,8,1811.30,625.32,108.63,99.32,0.80,0,1.0
62,5,1201.67,507.86,97.27,61.73,0.64,0,1.0
62,7,79.82,598.03,101.56,148.04,0.44,3,1.0
63,1,342.19,517.75,83.54,71.19,0.85,0,1.0
63,3,259.63,425.70,335.39,82.77,0.72,2,1.0
63,8,1821.23,621.95,98.77,102.08,0.84,0,1.0
63,5,1201.53,507.49,95.75,61.36,0.71,0,1.0
63,7,78.34,598.60,103.26,148.31,0.51,3,1.0
63,4,672.60,398.95,488.40,110.76,0.33,2,1.0
64,1,341.78,518.47,82.71,71.61,0.85,0,1.0
64,3,260.26,424.81,334.95,84.51,0.77,2,1.0
64,8,1828.22,626.19,91.74,98.31,0.92,0,1.0
64,5,1200.84,508.27,98.20,61.57,0.78,0,1.0
64,7,79.36,600.98,102.09,147.42,0.65,3,1.0
65,1,340.77,518.05,82.03,71.19,0.84,0,1.0
65,3,260.19,424.70,334.92,84.05,0.77,2,1.0
65,8,1836.84,626.08,82.74,97.72,0.90,0,1.0
65,5,1199.79,507.32,101.60,62.25,0.52,0,1.0
65,7,79.38,600.62,102.12,147.76,0.69,3,1.0
65,4,673.25,398.31,487.70,111.37,0.33,2,1.0
66,1,339.79,518.31,80.56,69.29,0.83,0,1.0
66,3,260.60,424.61,335.08,85.34,0.78,2,1.0
66,8,1844.53,630.42,75.13,93.90,0.91,0,1.0
66,7,79.61,603.12,101.93,145.81,0.76,3,1.0
66,6,1198.99,508.69,100.48,62.33,0.41,0,1.0
67,1,338.19,518.42,80.95,69.39,0.86,0,1.0
67,3,260.04,425.05,335.14,85.02,0.78,2,1.0
67,8,1853.08,649.77,66.72,73.76,0.86,0,1.0
67,7,79.11,602.56,101.74,145.78,0.82,3,1.0
67,5,1198.75,508.46,100.37,62.90,0.47,0,1.0
67,4,673.86,397.25,487.58,112.50,0.46,2,1.0
68,1,337.49,518.48,81.25,69.59,0.85,0,1.0
68,3,260.36,425.22,335.12,84.89,0.78,2,1.0
68,8,1862.73,652.90,57.27,70.75,0.83,0,1.0
68,7,78.47,603.70,103.09,144.92,0.77,3,1.0
68,5,1197.01,508.67,101.60,63.52,0.82,0,1.0
69,1,336.78,518.20,80.73,69.60,0.84,0,1.0
69,3,260.22,425.67,335.15,84.06,0.77,2,1.0
69,8,1870.04,648.10,49.96,74.05,0.71,0,1.0
69,7,78.26,603.60,102.30,145.23,0.79,3,1.0
69,5,1196.05,508.51,101.91,63.41,0.84,0,1.0
69,4,673.91,397.10,487.22,112.59,0.52,2,1.0
69,12,673.91,397.10,487.22,112.59,0.52,2,1.0
70,1,335.98,518.57,80.80,69.51,0.84,0,1.0
70,3,260.15,425.82,335.37,84.61,0.77,2,1.0
70,8,1877.99,649.89,42.01,71.67,0.70,0,1.0
70,7,78.14,606.77,101.42,143.92,0.77,3,1.0
70,5,1194.22,509.34,102.39,63.85,0.82,0,1.0
71,1,335.34,517.70,80.96,69.43,0.85,0,1.0
71,3,260.27,425.71,335.20,84.20,0.76,2,1.0
71,7,77.38,605.51,101.31,145.27,0.62,3,1.0
71,5,1192.34,509.10,104.15,63.00,0.68,0,1.0
71,12,673.71,397.25,487.55,112.50,0.44,2,1.0
72,1,334.53,517.57,80.65,69.87,0.83,0,1.0
72,3,260.31,425.60,335.42,84.62,0.79,2,1.0
72,7,77.15,607.05,101.49,145.24,0.59,3,1.0
72,5,1191.25,509.55,104.89,63.55,0.63,0,1.0
73,1,333.69,517.60,79.87,69.15,0.83,0,1.0
73,3,259.71,425.93,336.04,84.05,0.76,2,1.0
73,7,76.64,607.71,101.99,144.91,0.52,3,1.0
73,6,1189.54,508.71,106.86,63.38,0.35,0,1.0
74,1,333.57,518.57,78.69,67.10,0.84,0,1.0
74,3,259.33,426.45,336.42,84.10,0.76,2,1.0
74,11,75.47,607.73,102.29,145.81,0.47,3,1.0
74,5,1188.09,509.54,108.57,63.59,0.47,0,1.0
75,1,333.14,518.33,78.28,66.20,0.85,0,1.0
75,3,259.28,426.44,336.46,83.77,0.76,2,1.0
75,5,1185.42,509.86,108.70,64.10,0.73,0,1.0
75,7,75.38,607.60,102.26,145.64,0.40,3,1.0
76,1,332.26,518.26,79.55,66.96,0.83,0,1.0
76,3,259.10,427.30,336.43,82.79,0.75,2,1.0
76,5,1182.94,509.56,110.29,63.81,0.53,0,1.0
76,11,74.27,607.74,103.39,146.05,0.26,3,1.0
77,1,331.47,518.00,79.76,68.61,0.83,0,1.0
77,3,258.63,426.67,337.02,83.26,0.76,2,1.0
77,12,673.46,402.02,483.59,107.30,0.26,2,1.0
77,6,1182.29,508.78,111.76,64.67,0.47,0,1.0
78,1,331.04,517.94,77.75,69.10,0.84,0,1.0
78,3,259.31,425.99,336.20,84.10,0.76,2,1.0
78,6,1181.58,509.90,113.14,63.66,0.60,0,1.0
79,1,330.64,518.28,76.48,67.47,0.85,0,1.0
79,3,258.91,426.72,336.66,83.31,0.76,2,1.0
79,5,1181.13,510.15,113.38,63.62,0.42,0,1.0
80,1,330.37,517.97,76.14,67.05,0.84,0,1.0
80,3,258.97,427.17,336.74,82.74,0.76,2,1.0
80,5,1180.19,510.33,115.42,63.48,0.54,0,1.0
81,1,329.64,517.91,75.99,66.19,0.85,0,1.0
81,3,259.18,426.10,336.85,83.81,0.76,2,1.0
81,5,1179.17,510.08,118.69,63.61,0.72,0,1.0
81,11,70.29,608.26,106.76,148.21,0.33,3,1.0
82,1,329.37,518.42,76.38,65.54,0.84,0,1.0
82,3,259.62,426.66,336.32,83.63,0.77,2,1.0
82,5,1178.84,511.09,114.74,61.42,0.50,0,1.0
82,7,69.79,607.28,107.80,149.68,0.36,3,1.0
83,1,329.18,518.26,75.87,65.02,0.83,0,1.0
83,3,259.73,425.89,336.13,84.27,0.76,2,1.0
83,5,1177.89,509.62,116.08,63.40,0.74,0,1.0
83,4,674.43,398.95,484.08,110.50,0.25,2,1.0
83,11,69.84,606.36,108.19,150.57,0.33,3,1.0
84,1,328.80,518.51,75.63,65.46,0.81,0,1.0
84,3,260.11,426.54,335.64,84.42,0.78,2,1.0
84,5,1174.95,511.26,118.30,62.32,0.77,0,1.0
84,7,67.63,606.36,110.78,151.71,0.41,3,1.0
85,1,328.20,518.19,74.96,65.21,0.82,0,1.0
85,3,259.92,425.16,335.94,84.82,0.78,2,1.0
85,5,1173.92,510.62,113.08,62.92,0.69,0,1.0
85,4,674.05,397.73,484.04,111.75,0.31,2,1.0
85,11,66.15,604.00,112.61,153.90,0.41,3,1.0
86,1,327.31,519.65,74.93,65.07,0.82,0,1.0
86,3,260.04,427.32,335.79,84.08,0.79,2,1.0
86,5,1172.67,511.01,115.41,63.91,0.77,0,1.0
86,12,673.88,396.85,485.01,113.59,0.31,2,1.0
86,7,68.28,604.84,110.42,153.31,0.48,3,1.0
87,1,326.45,518.81,75.23,65.85,0.78,0,1.0
87,3,259.89,426.27,335.86,84.31,0.77,2,1.0
87,5,1169.24,511.05,114.16,63.39,0.60,0,1.0
87,7,73.70,601.72,104.51,155.00,0.65,3,1.0
87,4,674.03,398.74,483.81,110.96,0.27,2,1.0
88,1,324.52,519.53,75.82,66.26,0.78,0,1.0
88,3,259.96,426.74,335.69,84.60,0.79,2,1.0
88,5,1166.18,511.08,115.76,64.59,0.67,0,1.0
88,7,76.58,602.02,100.79,153.54,0.71,3,1.0
88,12,674.10,399.98,483.58,110.33,0.34,2,1.0
89,1,323.52,519.54,75.98,65.43,0.79,0,1.0
89,3,259.41,427.43,336.11,83.70,0.77,2,1.0
89,7,77.38,599.52,100.16,153.90,0.57,3,1.0
89,6,1164.53,511.44,115.05,64.02,0.42,0,1.0
89,4,673.69,399.68,483.82,110.32,0.32,2,1.0
90,1,324.42,519.65,74.85,64.96,0.79,0,1.0
90,3,259.73,427.51,336.18,83.52,0.78,2,1.0
90,7,76.56,598.40,100.48,153.76,0.61,3,1.0
90,5,1165.56,512.02,112.91,63.66,0.45,0,1.0
90,12,674.42,399.23,483.49,111.18,0.34,2,1.0
91,1,324.67,519.95,73.49,63.91,0.78,0,1.0
91,3,260.07,427.36,335.86,83.62,0.77,2,1.0
91,7,76.42,597.21,100.39,153.89,0.53,3,1.0
91,5,1166.83,512.47,113.29,63.55,0.55,0,1.0
91,6,1166.83,512.47,113.29,63.55,0.31,0,1.0
91,4,674.03,398.70,484.27,111.71,0.32,2,1.0
92,1,324.35,520.03,73.44,64.45,0.82,0,1.0
92,3,259.70,427.19,336.08,83.80,0.78,2,1.0
92,11,76.41,596.65,101.26,153.70,0.50,3,1.0
92,12,673.66,398.91,484.21,111.46,0.30,2,1.0
93,1,323.60,520.11,71.72,64.78,0.83,0,1.0
93,3,259.24,426.98,336.58,84.11,0.78,2,1.0
93,11,76.59,595.44,100.83,153.14,0.57,3,1.0
93,6,1164.14,512.14,116.36,64.84,0.53,0,1.0
93,13,1164.14,512.14,116.36,64.84,0.53,2,1.0
94,1,322.89,520.19,71.57,63.73,0.83,0,1.0
94,3,259.98,427.11,335.73,84.34,0.78,2,1.0
94,11,76.21,593.93,102.00,153.31,0.66,3,1.0
94,5,1164.84,512.62,114.99,64.07,0.44,0,1.0
95,1,321.87,520.95,71.59,63.40,0.77,0,1.0
95,3,259.17,426.98,336.62,84.55,0.79,2,1.0
95,11,76.61,592.43,101.47,153.78,0.69,3,1.0
95,6,1164.62,513.10,114.24,64.18,0.37,0,1.0
96,1,321.42,521.41,72.05,62.51,0.81,0,1.0
96,3,259.13,426.80,336.59,84.74,0.79,2,1.0
96,11,75.89,591.04,103.14,153.30,0.71,3,1.0
96,13,1163.20,513.43,113.47,63.71,0.28,2,1.0
96,5,1163.20,513.43,113.47,63.71,0.30,0,1.0
97,1,321.67,520.88,71.45,62.32,0.82,0,1.0
97,3,259.12,427.62,336.50,83.81,0.78,2,1.0
97,11,77.32,590.68,101.69,152.67,0.78,3,1.0
97,6,1162.32,512.86,112.86,63.45,0.37,0,1.0
98,1,321.55,521.69,71.18,61.55,0.81,0,1.0
98,3,259.23,427.95,336.46,83.55,0.79,2,1.0
98,11,79.09,588.94,99.61,153.47,0.78,3,1.0
98,6,1160.93,514.20,111.10,61.20,0.83,0,1.0
99,1,321.14,521.95,71.05,60.94,0.81,0,1.0
99,3,259.19,427.68,336.52,83.79,0.79,2,1.0
99,11,80.15,588.03,99.77,153.67,0.84,3,1.0
99,6,1159.67,515.33,107.79,60.19,0.83,0,1.0
100,1,320.52,521.78,71.55,60.98,0.78,0,1.0
100,3,259.38,427.79,336.36,83.67,0.78,2,1.0
100,11,79.93,587.05,100.40,154.89,0.80,3,1.0
100,6,1155.26,515.48,110.72,60.67,0.67,0,1.0
101,1,320.33,521.27,71.05,60.18,0.79,0,1.0
101,3,259.69,427.48,336.38,83.78,0.80,2,1.0
101,11,80.48,585.57,101.72,155.64,0.69,3,1.0
101,6,1155.55,514.93,110.84,61.28,0.60,0,1.0
102,1,319.72,522.26,72.99,60.18,0.77,0,1.0
102,3,259.86,427.95,336.69,83.45,0.78,2,1.0
102,11,81.07,585.15,102.11,155.69,0.74,3,1.0
102,6,1156.18,515.62,110.71,60.95,0.81,0,1.0
102,12,673.92,397.45,483.33,112.83,0.25,2,1.0
103,1,318.66,523.06,73.87,59.86,0.78,0,1.0
103,3,259.62,427.54,336.41,84.13,0.80,2,1.0
103,11,80.33,583.63,103.34,156.88,0.74,3,1.0
103,6,1154.53,515.63,111.50,61.15,0.84,0,1.0
103,4,674.10,397.72,483.07,112.63,0.26,2,1.0
104,1,318.40,523.50,73.81,60.73,0.78,0,1.0
104,3,259.35,428.32,336.97,83.50,0.79,2,1.0
104,11,80.21,583.61,103.91,157.19,0.62,3,1.0
104,13,1153.86,515.55,113.44,61.46,0.48,2,1.0
104,5,1153.86,515.55,113.44,61.46,0.31,0,1.0
104,12,673.78,398.06,483.34,112.86,0.33,2,1.0
105,1,317.68,521.61,73.18,62.71,0.81,0,1.0
105,3,259.42,427.56,336.88,84.05,0.77,2,1.0
105,11,80.41,582.00,104.41,157.05,0.69,3,1.0
105,6,1151.47,515.08,113.40,61.24,0.37,0,1.0
106,1,317.17,521.02,73.22,64.38,0.82,0,1.0
106,3,259.16,428.27,337.05,83.47,0.77,2,1.0
106,11,80.05,580.60,104.57,158.96,0.77,3,1.0
106,6,1150.34,515.02,113.71,61.80,0.66,0,1.0
107,1,316.09,521.69,73.98,63.72,0.82,0,1.0
107,3,258.82,427.95,336.94,83.98,0.79,2,1.0
107,11,79.93,579.14,104.88,159.71,0.80,3,1.0
107,6,1148.23,514.89,113.80,61.74,0.66,0,1.0
107,4,673.62,397.02,483.46,113.54,0.25,2,1.0
108,1,315.18,521.89,74.57,63.42,0.82,0,1.0
108,3,259.18,428.24,336.74,83.90,0.79,2,1.0
108,11,80.88,579.52,104.61,158.91,0.76,3,1.0
108,6,1147.61,515.08,112.21,61.68,0.70,0,1.0
109,1,313.77,520.91,74.78,64.31,0.83,0,1.0
109,3,258.40,427.21,337.44,84.50,0.81,2,1.0
109,11,79.92,578.09,105.42,159.51,0.79,3,1.0
109,13,1145.38,515.54,110.23,60.93,0.41,2,1.0
109,5,1145.38,515.54,110.23,60.93,0.37,0,1.0
110,1,313.78,520.97,74.49,64.50,0.83,0,1.0
110,3,259.23,427.18,336.87,84.82,0.81,2,1.0
110,11,80.42,578.36,106.01,159.29,0.77,3,1.0
110,12,672.85,398.28,484.00,111.88,0.25,2,1.0
110,6,1144.93,515.51,110.95,61.25,0.40,0,1.0
111,1,313.63,520.42,74.44,65.54,0.83,0,1.0
111,3,259.37,427.30,336.54,84.67,0.81,2,1.0
111,11,81.64,577.40,104.50,159.89,0.82,3,1.0
111,6,1144.05,515.57,109.97,61.34,0.51,0,1.0
112,1,313.38,520.35,73.47,64.86,0.82,0,1.0
112,3,259.43,427.02,336.56,84.89,0.81,2,1.0
112,11,81.94,577.28,104.45,159.43,0.83,3,1.0
112,6,1142.65,515.31,110.80,61.37,0.73,0,1.0
113,1,313.17,520.15,72.81,64.41,0.82,0,1.0
113,3,259.80,427.01,336.27,84.68,0.80,2,1.0
113,11,81.92,576.95,105.40,159.80,0.83,3,1.0
113,6,1141.68,515.06,109.26,61.46,0.54,0,1.0
114,1,312.66,519.92,72.08,63.36,0.82,0,1.0
114,3,259.27,427.88,336.23,83.85,0.80,2,1.0
114,11,82.68,576.80,103.97,159.52,0.82,3,1.0
114,6,1139.21,514.99,111.03,61.96,0.72,0,1.0
115,1,312.11,519.44,72.15,64.20,0.82,0,1.0
115,3,259.36,428.32,336.39,83.71,0.80,2,1.0
115,11,82.69,576.67,105.35,160.17,0.78,3,1.0
115,6,1138.74,514.77,111.56,62.59,0.74,0,1.0
116,1,311.48,519.25,72.13,63.81,0.82,0,1.0
116,3,259.23,428.69,336.63,83.22,0.81,2,1.0
116,11,83.09,576.51,105.36,160.36,0.75,3,1.0
116,6,1137.23,514.76,112.86,62.07,0.75,0,1.0
116,12,672.57,398.56,488.05,112.48,0.38,2,1.0
117,1,311.25,518.93,72.18,64.76,0.82,0,1.0
117,3,259.46,429.04,336.35,83.06,0.80,2,1.0
117,11,83.31,576.54,105.70,161.42,0.70,3,1.0
117,13,1135.80,514.33,112.86,63.01,0.45,2,1.0
118,1,310.48,519.05,72.63,64.78,0.81,0,1.0
118,3,259.52,428.22,336.26,84.03,0.81,2,1.0
118,11,83.87,576.50,104.19,161.00,0.72,3,1.0
118,13,1134.02,514.57,115.22,62.37,0.82,2,1.0
118,12,672.83,399.09,483.70,111.63,0.27,2,1.0
119,1,310.70,518.82,72.36,64.83,0.82,0,1.0
119,3,259.45,428.23,336.41,84.00,0.81,2,1.0
119,11,83.75,577.08,103.05,160.59,0.71,3,1.0
119,13,1132.60,514.44,116.60,62.70,0.59,2,1.0
120,1,309.77,517.97,72.51,65.70,0.83,0,1.0
120,3,259.42,428.09,336.32,84.21,0.81,2,1.0
120,11,83.64,578.35,103.36,160.62,0.69,3,1.0
120,13,1131.34,514.22,115.68,62.78,0.72,2,1.0
121,1,309.91,517.99,72.56,65.96,0.84,0,1.0
121,3,259.70,427.94,336.63,84.50,0.81,2,1.0
121,11,83.75,578.80,104.84,161.26,0.54,3,1.0
121,13,1130.01,513.19,116.95,63.80,0.60,2,1.0
122,1,309.77,518.47,71.95,65.25,0.83,0,1.0
122,3,259.43,428.51,336.77,83.64,0.80,2,1.0
122,11,84.22,580.13,104.44,160.88,0.56,3,1.0
122,13,1129.56,513.55,116.80,63.64,0.75,2,1.0
123,1,309.28,518.29,72.04,65.93,0.82,0,1.0
123,3,259.55,427.47,336.38,84.88,0.81,2,1.0
123,11,83.78,580.35,104.41,160.74,0.52,3,1.0
123,13,1127.23,512.79,117.60,63.81,0.68,2,1.0
124,1,308.64,517.89,72.29,65.93,0.82,0,1.0
124,3,259.54,428.32,336.38,84.12,0.80,2,1.0
124,13,1126.30,513.27,118.87,64.16,0.85,2,1.0
124,7,83.75,583.64,105.53,158.62,0.45,3,1.0
125,1,307.94,518.07,72.13,65.88,0.79,0,1.0
125,3,259.54,428.56,336.15,83.87,0.80,2,1.0
125,13,1124.39,512.65,120.15,65.03,0.88,2,1.0
125,7,83.65,583.76,105.13,158.72,0.53,3,1.0
126,1,307.52,517.97,72.12,65.02,0.76,0,1.0
126,3,259.43,428.35,336.39,83.76,0.80,2,1.0
126,13,1122.40,511.42,121.12,65.75,0.85,2,1.0
126,11,83.85,584.42,105.11,158.06,0.44,3,1.0
127,1,307.48,518.40,70.70,64.69,0.78,0,1.0
127,3,259.09,427.40,336.58,84.67,0.80,2,1.0
127,13,1120.56,510.65,119.75,66.50,0.76,2,1.0
127,11,83.49,584.70,105.20,157.38,0.63,3,1.0
127,12,673.02,398.11,487.39,112.66,0.40,2,1.0
128,1,307.74,518.54,70.49,64.66,0.79,0,1.0
128,3,259.14,427.85,336.80,84.14,0.80,2,1.0
128,13,1120.09,510.59,118.72,66.55,0.65,2,1.0
128,11,83.90,585.74,105.14,156.72,0.58,3,1.0
129,1,307.33,518.72,70.35,64.36,0.80,0,1.0
129,3,258.89,427.97,336.94,83.99,0.78,2,1.0
129,13,1120.11,511.45,116.53,66.04,0.53,2,1.0
129,11,82.93,586.11,104.45,155.78,0.78,3,1.0
129,6,1120.11,511.45,116.53,66.04,0.26,0,1.0
130,1,306.15,519.28,70.82,64.50,0.77,0,1.0
130,3,258.84,428.31,336.97,83.88,0.77,2,1.0
130,11,81.71,586.97,104.82,154.50,0.71,3,1.0
130,6,1118.46,511.04,115.56,66.63,0.52,0,1.0
131,1,306.68,518.64,70.07,64.00,0.75,0,1.0
131,3,258.46,428.82,337.27,83.34,0.76,2,1.0
131,11,81.08,588.61,106.10,152.80,0.53,3,1.0
131,6,1117.36,511.17,116.34,66.54,0.70,0,1.0
132,1,304.57,518.40,71.84,64.92,0.77,0,1.0
132,3,258.11,427.78,337.85,84.34,0.78,2,1.0
132,6,1115.77,511.07,116.43,66.11,0.50,0,1.0
132,7,81.72,588.90,104.49,152.27,0.48,3,1.0
133,1,303.11,518.54,71.81,64.29,0.77,0,1.0
133,3,258.24,428.39,337.64,83.73,0.80,2,1.0
133,7,84.56,590.19,100.11,151.16,0.63,3,1.0
133,5,1114.99,511.48,115.99,66.18,0.30,0,1.0
133,13,1114.99,511.48,115.99,66.18,0.43,2,1.0
134,1,301.72,518.51,72.72,64.99,0.78,0,1.0
134,3,257.97,428.51,337.90,83.27,0.80,2,1.0
134,5,1112.72,511.12,117.67,66.60,0.68,0,1.0
134,11,81.41,592.94,102.74,147.93,0.47,3,1.0
135,1,300.77,519.17,73.75,65.56,0.75,0,1.0
135,3,258.10,428.48,337.94,83.58,0.80,2,1.0
135,5,1112.03,512.40,117.30,65.59,0.72,0,1.0
135,11,81.53,595.45,102.18,146.25,0.70,3,1.0
136,1,301.81,519.38,71.57,65.64,0.77,0,1.0
136,3,258.13,428.61,337.86,83.56,0.80,2,1.0
136,5,1109.53,512.59,119.59,65.44,0.81,0,1.0
136,11,78.60,596.81,104.38,144.74,0.69,3,1.0
137,1,300.07,519.68,72.88,66.08,0.78,0,1.0
137,3,257.88,428.29,337.96,83.87,0.80,2,1.0
137,5,1108.02,512.65,119.50,66.17,0.83,0,1.0
137,11,80.62,599.68,101.91,142.25,0.79,3,1.0
138,1,300.11,519.07,71.61,66.18,0.77,0,1.0
138,3,258.04,428.38,338.03,83.77,0.80,2,1.0
138,5,1107.52,513.22,118.37,65.35,0.78,0,1.0
138,11,81.28,600.82,101.74,141.61,0.74,3,1.0
139,1,298.77,518.34,72.50,66.21,0.72,0,1.0
139,3,258.18,428.03,337.75,83.93,0.80,2,1.0
139,5,1106.04,513.52,118.38,64.26,0.83,0,1.0
139,11,81.17,602.21,101.45,140.31,0.53,3,1.0
140,1,299.09,519.01,71.07,65.03,0.72,0,1.0
140,3,257.14,428.11,338.55,83.75,0.80,2,1.0
140,5,1104.59,514.26,117.98,63.82,0.84,0,1.0
140,7,79.01,604.51,103.37,138.20,0.33,3,1.0
141,1,298.28,519.30,72.13,62.91,0.69,0,1.0
141,3,257.17,427.28,338.42,84.66,0.80,2,1.0
141,5,1103.41,513.62,118.22,63.39,0.90,0,1.0
141,11,78.41,605.34,102.55,137.21,0.33,3,1.0
142,1,298.67,519.70,71.55,61.45,0.73,0,1.0
142,3,258.01,427.61,338.33,84.44,0.79,2,1.0
142,5,1102.90,513.81,117.88,64.01,0.89,0,1.0
142,12,672.60,395.96,484.06,114.37,0.31,2,1.0
142,7,81.12,606.43,99.70,136.67,0.47,3,1.0
143,1,298.13,519.39,71.19,61.06,0.78,0,1.0
143,3,257.57,427.37,338.37,84.44,0.80,2,1.0
143,5,1100.54,513.16,119.97,64.86,0.70,0,1.0
143,4,672.43,395.52,484.26,114.95,0.29,2,1.0
144,1,296.00,519.93,72.36,59.93,0.82,0,1.0
144,3,257.02,427.52,338.38,84.20,0.80,2,1.0
144,6,1098.86,513.06,120.37,65.69,0.44,0,1.0
144,13,1098.86,513.06,120.37,65.69,0.36,2,1.0
144,7,82.52,608.44,96.55,136.16,0.37,3,1.0
145,1,296.49,519.74,71.79,60.25,0.83,0,1.0
145,3,257.31,427.37,338.77,84.75,0.79,2,1.0
145,11,84.26,609.29,95.98,135.81,0.39,3,1.0
145,5,1097.63,512.64,120.65,66.78,0.39,0,1.0
145,4,673.03,397.65,487.61,113.68,0.51,2,1.0
145,14,673.03,397.65,487.61,113.68,0.51,2,1.0
146,1,296.39,520.31,71.63,59.28,0.82,0,1.0
146,3,257.51,427.76,338.46,84.16,0.78,2,1.0
146,5,1097.12,512.77,116.15,66.90,0.84,0,1.0
146,4,673.43,397.82,487.42,113.59,0.53,2,1.0
147,1,296.41,520.40,70.80,59.33,0.81,0,1.0
147,3,257.67,427.30,338.12,84.64,0.79,2,1.0
147,5,1095.60,513.17,115.11,66.38,0.73,0,1.0
147,14,673.57,397.20,487.47,114.37,0.41,2,1.0
148,1,295.84,519.91,71.10,60.13,0.81,0,1.0
148,3,257.82,427.32,337.87,84.43,0.80,2,1.0
148,5,1094.00,513.38,114.61,65.34,0.87,0,1.0
148,11,83.99,611.08,93.80,135.97,0.28,3,1.0
148,4,673.50,397.22,487.29,113.92,0.35,2,1.0
149,1,295.64,519.35,71.14,60.86,0.82,0,1.0
149,3,258.36,427.53,337.28,83.59,0.80,2,1.0
149,5,1093.59,512.86,114.41,65.58,0.72,0,1.0
149,7,84.54,611.18,92.86,136.05,0.42,3,1.0
149,14,673.56,396.90,487.76,114.10,0.39,2,1.0
150,1,294.15,519.10,71.85,61.60,0.80,0,1.0
150,3,258.36,427.05,337.20,84.11,0.81,2,1.0
150,5,1091.24,513.29,115.20,65.58,0.85,0,1.0
150,7,81.65,611.64,94.48,136.85,0.54,3,1.0
150,4,672.87,397.52,487.63,112.95,0.28,2,1.0
151,1,293.56,519.61,72.15,61.16,0.80,0,1.0
151,3,258.18,427.23,337.29,83.76,0.80,2,1.0
151,5,1089.43,513.23,116.40,65.49,0.74,0,1.0
151,11,80.53,610.87,96.56,138.19,0.43,3,1.0
152,1,293.55,519.71,72.18,61.00,0.80,0,1.0
152,3,258.45,427.15,337.43,83.83,0.82,2,1.0
152,5,1088.03,513.46,117.37,64.76,0.64,0,1.0
152,7,80.30,610.49,97.06,139.02,0.43,3,1.0
153,1,292.33,519.13,73.32,62.01,0.80,0,1.0
153,3,257.83,426.94,337.75,83.62,0.82,2,1.0
153,5,1086.00,513.86,118.17,63.66,0.66,0,1.0
153,11,80.55,606.89,96.97,143.12,0.32,3,1.0
154,1,291.32,518.96,72.94,62.20,0.80,0,1.0
154,3,258.10,426.89,337.45,83.87,0.82,2,1.0
154,5,1084.69,514.29,119.96,63.26,0.87,0,1.0
155,1,290.58,518.96,73.31,62.45,0.81,0,1.0
155,3,258.17,426.87,337.36,84.20,0.82,2,1.0
155,5,1083.12,514.32,120.97,62.97,0.84,0,1.0
155,11,78.71,608.42,98.08,142.15,0.30,3,1.0
156,1,290.77,519.16,73.09,62.28,0.81,0,1.0
156,3,258.83,427.55,336.64,83.60,0.81,2,1.0
156,5,1082.63,514.24,121.31,63.10,0.89,0,1.0
156,7,80.48,609.30,95.94,141.35,0.29,3,1.0
157,1,290.05,518.88,72.95,62.09,0.80,0,1.0
157,3,257.73,427.04,337.92,83.44,0.81,2,1.0
157,5,1080.69,514.13,119.67,62.94,0.91,0,1.0
157,11,80.95,608.64,95.43,142.82,0.34,3,1.0
158,1,289.40,518.49,73.50,62.42,0.77,0,1.0
158,3,257.52,426.99,337.96,83.73,0.80,2,1.0
158,5,1078.99,514.46,119.37,62.88,0.91,0,1.0
158,7,80.97,605.93,95.47,146.97,0.33,3,1.0
159,1,289.96,518.42,72.66,61.75,0.78,0,1.0
159,3,257.56,426.87,338.18,83.88,0.81,2,1.0
159,5,1077.02,514.07,121.59,63.93,0.91,0,1.0
159,11,78.47,607.85,98.41,144.70,0.29,3,1.0
160,1,289.47,518.11,72.29,61.59,0.78,0,1.0
160,3,257.49,426.25,337.98,84.27,0.81,2,1.0
160,5,1073.77,513.48,122.90,64.66,0.90,0,1.0
160,7,79.29,606.50,97.33,145.62,0.31,3,1.0
161,1,288.06,518.05,72.79,61.70,0.72,0,1.0
161,3,257.41,425.57,337.60,85.10,0.81,2,1.0
161,5,1072.28,513.17,124.97,65.67,0.89,0,1.0
161,11,78.64,607.04,98.32,145.85,0.31,3,1.0
162,1,288.77,518.36,71.54,60.81,0.76,0,1.0
162,3,257.75,425.18,337.35,85.33,0.82,2,1.0
162,5,1071.77,513.22,123.88,65.77,0.91,0,1.0
162,7,78.77,605.60,98.12,146.99,0.45,3,1.0
163,1,288.46,518.70,71.26,60.72,0.73,0,1.0
163,3,257.99,425.45,337.06,84.93,0.81,2,1.0
163,5,1070.75,513.27,124.10,66.13,0.89,0,1.0
163,7,79.17,604.12,97.63,148.64,0.64,3,1.0
163,4,672.51,396.72,486.80,112.13,0.30,2,1.0
164,1,287.63,519.04,70.93,60.17,0.76,0,1.0
164,3,257.94,425.68,337.05,84.48,0.81,2,1.0
164,5,1069.02,513.12,124.87,66.59,0.85,0,1.0
164,7,77.78,603.59,98.56,148.03,0.73,3,1.0
164,14,672.64,396.79,486.80,111.98,0.31,2,1.0
165,1,287.74,519.07,70.25,59.55,0.77,0,1.0
165,3,257.98,425.12,336.94,84.94,0.82,2,1.0
165,5,1068.13,512.88,125.46,66.93,0.89,0,1.0
165,7,78.39,599.01,98.49,152.18,0.79,3,1.0
166,1,287.21,519.35,70.87,60.23,0.74,0,1.0
166,3,258.30,426.35,337.10,84.16,0.81,2,1.0
166,5,1067.17,513.73,126.35,66.88,0.90,0,1.0
166,7,78.29,598.66,98.38,152.10,0.82,3,1.0
167,1,287.67,519.32,69.97,59.85,0.75,0,1.0
167,3,258.16,425.48,337.20,84.85,0.81,2,1.0
167,5,1065.87,514.02,125.70,66.56,0.89,0,1.0
167,7,77.70,596.16,99.09,152.55,0.76,3,1.0
168,1,286.93,519.13,70.32,59.75,0.78,0,1.0
168,3,257.99,426.16,337.31,84.31,0.81,2,1.0
168,5,1064.30,513.75,119.80,67.19,0.85,0,1.0
168,7,77.25,595.06,100.12,152.19,0.71,3,1.0
169,1,285.97,519.07,69.97,60.16,0.79,0,1.0
169,3,257.88,426.58,337.30,84.21,0.80,2,1.0
169,5,1062.95,514.33,120.56,66.54,0.91,0,1.0
169,7,77.52,593.83,100.35,153.98,0.67,3,1.0
169,4,671.92,394.73,485.17,114.63,0.27,2,1.0
170,1,285.32,519.05,68.16,59.14,0.79,0,1.0
170,3,257.40,426.46,337.33,84.51,0.81,2,1.0
170,5,1060.82,514.70,119.10,65.61,0.90,0,1.0
170,7,76.87,592.90,102.37,153.09,0.59,3,1.0
171,1,284.10,519.81,67.41,58.52,0.77,0,1.0
171,3,257.14,426.02,337.45,84.81,0.81,2,1.0
171,5,1058.95,514.87,117.99,65.10,0.89,0,1.0
171,7,76.70,590.48,102.22,155.74,0.60,3,1.0
172,1,282.85,519.50,69.14,58.57,0.77,0,1.0
172,3,257.56,426.00,337.16,84.87,0.81,2,1.0
172,5,1058.00,514.90,117.93,64.61,0.88,0,1.0
172,7,76.92,589.26,102.75,156.37,0.74,3,1.0
172,4,671.29,395.06,485.16,113.97,0.25,2,1.0
173,1,281.59,519.20,70.28,58.58,0.80,0,1.0
173,3,257.47,426.28,337.34,84.40,0.82,2,1.0
173,5,1056.51,514.63,119.36,64.32,0.89,0,1.0
173,7,78.42,588.65,101.23,155.79,0.85,3,1.0
174,1,280.12,519.89,71.92,58.67,0.78,0,1.0
174,3,257.51,425.74,337.07,85.24,0.81,2,1.0
174,5,1055.04,514.67,116.03,63.86,0.90,0,1.0
174,7,78.46,588.20,102.00,155.78,0.84,3,1.0
175,1,280.36,519.42,71.50,58.29,0.74,0,1.0
175,3,257.48,425.71,337.23,85.17,0.81,2,1.0
175,5,1052.79,514.53,117.68,64.79,0.89,0,1.0
175,7,80.37,585.99,100.79,157.79,0.83,3,1.0
176,1,279.83,519.59,72.22,58.20,0.77,0,1.0
176,3,257.61,426.43,337.30,84.35,0.80,2,1.0
176,5,1050.92,513.97,117.52,65.39,0.83,0,1.0
176,7,80.48,584.94,100.87,159.03,0.83,3,1.0
177,1,279.07,519.20,72.72,58.80,0.81,0,1.0
177,3,257.61,425.93,337.00,84.82,0.81,2,1.0
177,5,1050.04,513.71,119.02,65.15,0.87,0,1.0
177,7,79.52,583.98,102.84,159.64,0.82,3,1.0
178,1,278.50,519.26,72.81,58.64,0.82,0,1.0
178,3,257.59,425.31,337.10,85.37,0.81,2,1.0
178,5,1048.59,513.69,118.89,65.68,0.88,0,1.0
178,7,79.49,582.35,104.42,160.64,0.77,3,1.0
179,1,277.29,519.50,74.56,58.51,0.84,0,1.0
179,3,257.88,425.52,336.97,85.15,0.81,2,1.0
179,5,1048.25,513.87,117.57,65.82,0.89,0,1.0
179,7,81.30,582.01,102.69,160.59,0.83,3,1.0
180,1,275.57,518.88,76.01,59.09,0.84,0,1.0
180,3,257.67,425.93,336.88,84.52,0.80,2,1.0
180,5,1046.43,513.82,116.74,65.80,0.88,0,1.0
180,7,81.56,579.66,102.36,161.94,0.80,3,1.0
181,1,274.10,518.44,76.59,59.28,0.86,0,1.0
181,3,257.67,425.62,336.99,84.57,0.81,2,1.0
181,5,1045.16,513.86,113.89,65.85,0.88,0,1.0
181,7,82.10,577.19,101.57,163.65,0.85,3,1.0
182,1,273.40,518.83,76.40,59.05,0.84,0,1.0
182,3,257.69,425.82,336.82,84.59,0.80,2,1.0
182,5,1044.09,514.47,115.01,65.02,0.88,0,1.0
182,7,83.16,573.75,101.34,166.42,0.85,3,1.0
183,1,272.62,518.76,76.24,58.86,0.84,0,1.0
183,3,257.52,425.59,336.96,84.56,0.80,2,1.0
183,5,1042.88,514.64,117.40,65.12,0.86,0,1.0
183,7,83.66,574.11,101.11,165.29,0.85,3,1.0
184,1,272.09,518.56,75.61,59.28,0.70,0,1.0
184,3,257.27,425.57,337.29,84.52,0.80,2,1.0
184,5,1040.80,514.83,118.45,65.60,0.84,0,1.0
184,7,84.33,573.95,100.59,165.48,0.83,3,1.0
185,1,271.41,518.48,75.54,58.39,0.77,0,1.0
185,3,257.07,425.98,337.42,83.95,0.80,2,1.0
185,5,1038.98,515.12,119.65,64.75,0.71,0,1.0
185,7,84.92,574.09,99.40,164.57,0.78,3,1.0
186,1,270.71,518.98,75.26,57.71,0.76,0,1.0
186,3,257.02,426.07,337.67,83.90,0.79,2,1.0
186,5,1037.31,514.40,118.06,65.36,0.90,0,1.0
186,7,85.25,573.90,99.16,165.02,0.77,3,1.0
187,1,270.51,519.62,75.40,57.76,0.78,0,1.0
187,3,257.15,425.96,337.62,84.11,0.79,2,1.0
187,5,1035.46,515.61,117.32,64.44,0.89,0,1.0
187,7,84.94,573.99,99.70,165.59,0.76,3,1.0
188,1,269.85,519.51,75.81,58.24,0.80,0,1.0
188,3,257.21,426.13,337.55,83.90,0.79,2,1.0
188,5,1034.66,515.71,116.43,63.68,0.89,0,1.0
188,7,85.04,573.70,100.39,166.21,0.80,3,1.0
189,1,268.99,519.11,76.36,58.90,0.80,0,1.0
189,3,257.10,425.84,337.83,84.13,0.80,2,1.0
189,5,1033.46,515.61,117.74,64.04,0.90,0,1.0
189,7,85.41,573.34,100.59,166.73,0.80,3,1.0
190,1,268.17,519.55,76.50,57.86,0.80,0,1.0
190,3,257.19,425.72,337.80,84.29,0.80,2,1.0
190,5,1031.68,516.14,118.48,63.97,0.88,0,1.0
190,7,85.25,573.27,101.15,167.21,0.79,3,1.0
191,1,267.11,519.24,76.91,58.06,0.80,0,1.0
191,3,257.23,425.83,338.00,84.18,0.80,2,1.0
191,5,1029.90,515.88,120.90,63.94,0.90,0,1.0
191,7,85.93,573.91,100.90,166.92,0.77,3,1.0
192,1,266.15,519.30,77.03,57.68,0.80,0,1.0
192,3,257.37,425.49,337.78,84.28,0.80,2,1.0
192,5,1028.86,515.80,117.74,63.51,0.82,0,1.0
192,7,85.77,574.46,101.53,167.05,0.78,3,1.0
193,1,265.70,518.37,76.29,58.23,0.81,0,1.0
193,3,256.79,426.29,338.23,83.10,0.79,2,1.0
193,5,1027.12,514.96,122.30,64.77,0.90,0,1.0
193,7,85.47,575.03,102.64,166.96,0.74,3,1.0
194,1,264.03,518.61,77.17,58.29,0.79,0,1.0
194,3,256.85,426.36,338.15,83.55,0.78,2,1.0
194,5,1025.60,515.00,120.57,65.47,0.85,0,1.0
194,7,85.59,575.60,102.65,166.80,0.78,3,1.0
195,1,264.01,518.91,77.20,58.16,0.80,0,1.0
195,3,257.32,426.48,337.83,83.56,0.79,2,1.0
195,5,1023.90,515.35,114.53,65.05,0.66,0,1.0
195,7,85.65,576.29,103.07,167.70,0.74,3,1.0
195,13,1023.75,515.67,112.75,64.17,0.52,2,1.0
195,15,1023.75,515.67,112.75,64.17,0.52,0,1.0
196,1,262.75,518.77,77.77,58.40,0.79,0,1.0
196,3,256.93,426.53,338.40,83.55,0.78,2,1.0
196,7,85.29,577.13,103.79,167.37,0.74,3,1.0
196,13,1022.62,515.71,98.61,63.79,0.86,2,1.0
197,1,262.58,518.38,77.29,58.28,0.80,0,1.0
197,3,256.70,426.28,338.56,83.85,0.79,2,1.0
197,7,85.50,579.47,103.81,165.81,0.72,3,1.0
197,13,1021.07,515.89,99.82,64.85,0.85,2,1.0
198,1,261.69,518.44,77.39,57.89,0.77,0,1.0
198,3,257.28,426.59,337.88,83.68,0.78,2,1.0
198,7,84.83,579.32,104.09,166.64,0.63,3,1.0
198,13,1019.86,515.59,100.42,64.27,0.84,2,1.0
199,1,261.18,518.06,76.96,58.22,0.76,0,1.0
199,3,257.30,426.69,338.06,83.66,0.78,2,1.0
199,7,84.62,582.89,103.12,163.77,0.78,3,1.0
199,13,1017.30,516.28,112.45,64.39,0.88,2,1.0
200,1,260.68,518.09,77.43,58.35,0.75,0,1.0
200,3,257.31,427.03,337.97,83.36,0.78,2,1.0
200,7,85.61,584.25,102.73,163.58,0.63,3,1.0
200,13,1015.68,516.36,116.87,64.22,0.88,2,1.0
201,1,260.03,518.28,77.31,58.34,0.79,0,1.0
201,3,257.33,427.31,338.04,83.22,0.77,2,1.0
201,7,85.60,586.20,102.32,161.84,0.79,3,1.0
201,13,1014.70,516.02,116.54,64.89,0.89,2,1.0
202,1,259.67,518.60,76.63,57.52,0.78,0,1.0
202,3,257.58,426.90,337.91,83.60,0.78,2,1.0
202,7,86.02,586.85,101.86,161.71,0.83,3,1.0
202,13,1014.21,516.01,96.39,64.73,0.79,2,1.0
203,1,259.24,518.67,75.56,57.17,0.78,0,1.0
203,3,257.50,426.64,337.96,83.86,0.79,2,1.0
203,7,85.76,587.48,102.09,162.09,0.84,3,1.0
203,13,1011.87,516.32,117.53,64.43,0.80,2,1.0
204,1,258.93,518.14,75.66,57.84,0.78,0,1.0
204,3,258.23,426.17,337.58,84.58,0.79,2,1.0
204,7,85.42,587.93,102.94,161.95,0.83,3,1.0
204,13,1011.48,516.63,93.16,63.61,0.82,2,1.0
205,1,256.91,518.68,75.93,56.40,0.79,0,1.0
205,3,256.72,426.48,338.66,83.85,0.77,2,1.0
205,7,83.85,588.53,103.91,161.70,0.80,3,1.0
205,13,1008.66,516.67,105.75,63.57,0.77,2,1.0
206,1,255.73,518.48,75.88,56.63,0.80,0,1.0
206,3,257.73,427.25,337.71,83.22,0.77,2,1.0
206,7,84.26,590.74,102.40,159.72,0.81,3,1.0
206,13,1006.90,517.23,119.89,63.08,0.86,2,1.0
207,1,254.35,518.24,77.18,56.77,0.80,0,1.0
207,3,257.63,425.95,338.00,84.51,0.78,2,1.0
207,7,86.42,591.38,101.11,159.34,0.80,3,1.0
207,13,1005.96,516.83,121.78,63.28,0.87,2,1.0
208,1,253.49,518.68,77.32,56.67,0.81,0,1.0
208,3,257.91,426.22,337.87,84.16,0.78,2,1.0
208,7,87.44,593.66,99.77,157.09,0.83,3,1.0
208,13,1004.54,516.45,122.61,63.22,0.88,2,1.0
209,1,251.08,519.27,77.87,56.53,0.81,0,1.0
209,3,256.91,427.65,338.87,82.92,0.77,2,1.0
209,7,87.52,595.56,100.14,156.39,0.73,3,1.0
209,13,1002.85,516.47,122.17,65.31,0.90,2,1.0
210,1,251.14,518.81,78.73,56.96,0.82,0,1.0
210,3,257.25,425.50,338.59,84.92,0.78,2,1.0
210,7,86.98,596.66,100.58,152.90,0.77,3,1.0
210,13,1001.29,516.29,121.39,63.72,0.88,2,1.0
211,1,247.73,518.06,82.46,58.22,0.84,0,1.0
211,3,256.40,425.38,339.55,84.93,0.77,2,1.0
211,7,87.26,598.09,99.86,152.25,0.83,3,1.0
211,13,1000.16,516.38,121.35,64.41,0.89,2,1.0
212,1,247.74,518.16,81.57,58.55,0.83,0,1.0
212,3,255.55,426.62,340.42,83.97,0.76,2,1.0
212,7,86.07,601.89,100.43,149.48,0.79,3,1.0
212,13,997.97,517.25,120.09,64.37,0.88,2,1.0
213,1,247.24,517.51,82.33,58.87,0.84,0,1.0
213,3,255.20,425.53,340.77,84.68,0.76,2,1.0
213,7,87.14,603.19,98.66,147.74,0.76,3,1.0
213,13,996.89,516.61,115.98,64.67,0.89,2,1.0
214,1,246.96,519.19,81.79,58.34,0.82,0,1.0
214,3,255.66,428.41,340.35,82.45,0.76,2,1.0
214,7,86.64,606.18,98.90,146.50,0.51,3,1.0
214,13,994.23,518.05,118.36,64.77,0.87,2,1.0
215,1,246.22,518.01,80.07,58.84,0.77,0,1.0
215,3,255.59,426.98,340.23,83.63,0.76,2,1.0
215,7,86.36,607.08,98.10,145.52,0.56,3,1.0
215,13,992.25,516.96,119.85,66.04,0.87,2,1.0
216,1,245.53,519.36,79.07,56.61,0.78,0,1.0
216,3,255.30,427.50,340.75,83.24,0.78,2,1.0
216,13,991.23,517.59,120.32,65.21,0.87,2,1.0
216,11,85.93,607.61,98.85,144.91,0.48,3,1.0
217,1,243.79,519.68,80.06,56.39,0.77,0,1.0
217,3,255.97,428.45,340.02,82.24,0.78,2,1.0
217,13,990.47,517.03,118.74,65.98,0.91,2,1.0
217,11,86.89,607.95,97.26,144.59,0.58,3,1.0
218,1,243.04,519.76,79.33,56.58,0.76,0,1.0
218,3,256.18,428.22,339.86,82.43,0.78,2,1.0
218,13,988.35,516.99,119.81,65.43,0.90,2,1.0
218,11,85.57,609.55,98.08,142.77,0.62,3,1.0
219,1,240.02,519.94,81.42,56.08,0.76,0,1.0
219,3,255.70,427.90,340.25,82.70,0.77,2,1.0
219,13,986.60,516.85,119.71,65.18,0.89,2,1.0
219,11,85.59,610.69,97.78,140.39,0.63,3,1.0
220,1,239.26,519.33,81.02,56.52,0.75,0,1.0
220,3,254.92,428.39,341.10,82.17,0.76,2,1.0
220,13,984.80,516.64,117.92,64.38,0.89,2,1.0
220,11,86.21,611.60,96.62,140.58,0.57,3,1.0
221,1,237.93,519.37,80.73,56.27,0.78,0,1.0
221,3,255.95,427.90,340.16,82.73,0.78,2,1.0
221,13,982.05,516.62,120.80,63.10,0.89,2,1.0
221,11,89.28,612.02,93.41,139.97,0.75,3,1.0
222,1,236.92,519.32,80.97,56.69,0.75,0,1.0
222,3,256.03,428.31,340.23,82.27,0.77,2,1.0
222,13,979.56,516.42,102.53,61.47,0.85,2,1.0
222,11,88.70,612.67,94.01,139.51,0.77,3,1.0
223,1,236.79,518.72,80.94,57.45,0.70,0,1.0
223,3,256.54,427.72,339.99,82.87,0.78,2,1.0
223,13,979.59,516.23,105.04,61.55,0.84,2,1.0
223,11,88.49,613.39,94.31,137.82,0.80,3,1.0
224,1,235.93,518.52,80.89,57.41,0.73,0,1.0
224,3,256.17,427.14,339.81,83.28,0.78,2,1.0
224,13,977.23,515.93,119.25,63.34,0.87,2,1.0
224,11,87.67,613.12,93.94,136.97,0.72,3,1.0
225,1,235.14,518.62,80.52,56.99,0.75,0,1.0
225,3,256.48,427.62,339.59,82.64,0.78,2,1.0
225,13,976.33,516.53,112.58,62.58,0.84,2,1.0
225,11,87.26,613.82,93.98,135.73,0.62,3,1.0
226,1,234.78,518.88,80.20,56.41,0.76,0,1.0
226,3,257.35,427.38,338.75,82.88,0.79,2,1.0
226,13,975.75,515.97,118.50,64.23,0.89,2,1.0
226,11,86.83,613.27,94.03,134.91,0.60,3,1.0
227,1,233.79,518.82,80.60,56.09,0.77,0,1.0
227,3,258.16,426.95,338.17,83.16,0.78,2,1.0
227,13,975.69,516.06,116.79,62.58,0.87,2,1.0
227,11,86.96,613.23,93.90,134.80,0.52,3,1.0
228,1,230.90,518.53,80.35,56.02,0.80,0,1.0
228,3,257.91,427.24,338.07,82.86,0.78,2,1.0
228,13,972.80,515.58,117.00,64.27,0.89,2,1.0
228,11,86.43,613.31,94.55,134.04,0.63,3,1.0
229,1,228.83,517.68,80.87,56.88,0.81,0,1.0
229,3,258.17,426.60,337.70,83.04,0.80,2,1.0
229,13,971.66,515.06,119.05,66.37,0.88,2,1.0
229,11,86.03,613.19,94.50,133.37,0.55,3,1.0
230,1,226.96,518.48,82.64,56.50,0.81,0,1.0
230,3,258.71,426.81,336.92,83.20,0.80,2,1.0
230,13,969.13,515.66,118.25,65.33,0.90,2,1.0
230,7,85.40,613.01,95.61,133.52,0.38,3,1.0
231,1,226.22,517.55,83.15,58.13,0.80,0,1.0
231,3,258.65,427.26,337.09,82.67,0.79,2,1.0
231,13,968.89,514.93,117.62,67.23,0.73,2,1.0
231,7,85.49,611.59,94.99,134.70,0.51,3,1.0
231,5,968.25,515.31,117.99,66.28,0.43,0,1.0
232,1,225.26,518.54,82.54,57.43,0.82,0,1.0
232,3,258.91,427.04,336.90,82.96,0.80,2,1.0
232,5,966.54,515.08,118.87,66.03,0.90,0,1.0
232,11,81.65,611.31,98.88,136.94,0.40,3,1.0
233,1,225.49,517.97,81.17,58.23,0.80,0,1.0
233,3,259.27,426.96,336.48,82.95,0.80,2,1.0
233,5,964.89,515.03,119.86,67.00,0.89,0,1.0
233,11,81.88,610.06,99.24,138.52,0.50,3,1.0
234,1,224.81,518.96,80.74,58.18,0.82,0,1.0
234,3,259.07,427.00,336.87,82.83,0.80,2,1.0
234,5,962.78,515.54,120.28,66.00,0.90,0,1.0
234,11,79.53,609.45,100.77,139.03,0.63,3,1.0
235,1,225.17,519.17,78.98,58.19,0.83,0,1.0
235,3,259.60,426.81,336.31,83.18,0.80,2,1.0
235,5,960.77,515.29,119.49,65.83,0.89,0,1.0
235,11,80.28,608.77,99.78,139.05,0.63,3,1.0
236,1,224.20,518.61,79.26,59.38,0.84,0,1.0
236,3,259.62,426.81,336.54,83.36,0.80,2,1.0
236,5,960.05,515.55,119.86,65.85,0.89,0,1.0
236,11,81.60,606.97,98.21,139.76,0.78,3,1.0
237,1,223.74,519.63,77.93,57.66,0.84,0,1.0
237,3,260.01,426.49,336.31,83.49,0.81,2,1.0
237,5,958.09,515.43,121.77,66.75,0.89,0,1.0
237,11,82.61,604.79,97.12,140.92,0.75,3,1.0
238,1,222.81,518.16,76.85,58.53,0.78,0,1.0
238,3,260.41,426.56,335.77,83.71,0.81,2,1.0
238,5,956.82,515.01,119.76,67.40,0.89,0,1.0
238,11,83.51,601.83,96.31,143.71,0.87,3,1.0
239,1,221.14,519.01,77.78,58.75,0.76,0,1.0
239,3,260.70,426.70,335.70,83.60,0.81,2,1.0
239,5,955.51,515.06,120.21,68.04,0.89,0,1.0
239,11,83.60,600.13,96.46,146.34,0.87,3,1.0
240,1,219.46,519.11,78.60,57.88,0.78,0,1.0
240,3,260.67,426.38,335.49,84.01,0.81,2,1.0
240,5,954.09,514.68,120.28,68.76,0.88,0,1.0
240,11,81.88,598.07,97.35,147.98,0.86,3,1.0
241,1,215.52,518.91,79.78,58.50,0.81,0,1.0
241,3,260.99,426.71,335.12,83.61,0.82,2,1.0
241,5,952.65,514.00,116.13,69.36,0.88,0,1.0
241,11,82.46,595.48,97.09,149.46,0.84,3,1.0
242,1,215.02,518.90,79.47,58.94,0.80,0,1.0
242,3,260.92,426.48,335.44,83.94,0.83,2,1.0
242,5,950.92,514.26,114.75,69.49,0.88,0,1.0
242,11,81.71,594.04,98.51,150.97,0.86,3,1.0
243,1,213.94,518.14,79.91,58.93,0.80,0,1.0
243,3,261.81,426.71,334.62,83.71,0.82,2,1.0
243,5,950.60,514.16,114.48,70.52,0.88,0,1.0
243,11,82.82,593.54,97.92,150.53,0.81,3,1.0
244,1,213.11,518.67,79.36,57.41,0.81,0,1.0
244,3,261.33,426.58,334.97,83.86,0.82,2,1.0
244,5,948.75,513.66,117.60,71.27,0.88,0,1.0
244,11,82.79,591.91,97.56,150.63,0.73,3,1.0
245,1,211.20,518.79,80.86,56.66,0.82,0,1.0
245,3,260.86,426.74,335.43,83.54,0.82,2,1.0
245,5,947.05,513.68,116.76,71.37,0.88,0,1.0
245,11,80.63,591.47,99.26,150.25,0.68,3,1.0
246,1,209.60,518.99,81.60,56.97,0.83,0,1.0
246,3,261.71,426.45,334.74,83.99,0.82,2,1.0
246,5,945.92,513.84,117.25,71.71,0.89,0,1.0
246,11,81.51,590.45,98.71,152.75,0.72,3,1.0
247,1,208.69,520.22,81.97,55.37,0.83,0,1.0
247,3,261.82,426.76,334.67,83.47,0.82,2,1.0
247,5,944.70,513.76,117.48,71.95,0.89,0,1.0
247,11,83.77,589.40,95.40,153.66,0.75,3,1.0
248,1,205.93,519.36,83.12,54.61,0.82,0,1.0
248,3,261.36,426.58,335.12,83.80,0.82,2,1.0
248,5,941.98,514.15,118.62,71.02,0.90,0,1.0
248,11,81.33,588.66,100.08,154.92,0.79,3,1.0
249,1,204.09,519.28,83.01,53.72,0.83,0,1.0
249,3,261.20,426.23,335.30,83.90,0.83,2,1.0
249,5,940.04,513.40,120.70,71.95,0.90,0,1.0
249,11,81.35,588.47,100.99,153.90,0.76,3,1.0
250,1,201.12,519.51,84.78,53.20,0.84,0,1.0
250,3,261.21,426.28,335.26,83.81,0.82,2,1.0
250,5,938.49,514.76,120.55,70.09,0.89,0,1.0
250,11,82.11,587.96,100.24,154.88,0.75,3,1.0
251,1,200.38,520.02,85.32,53.18,0.86,0,1.0
251,3,260.88,426.30,335.05,84.37,0.82,2,1.0
251,5,938.22,514.52,119.17,68.40,0.90,0,1.0
251,11,81.45,585.06,101.34,157.51,0.76,3,1.0
252,1,199.92,518.84,84.21,54.14,0.85,0,1.0
252,3,261.20,426.73,334.68,83.91,0.82,2,1.0
252,5,936.53,514.72,113.92,67.84,0.88,0,1.0
252,11,81.56,583.51,102.26,157.87,0.76,3,1.0
253,1,199.54,519.51,83.44,54.36,0.84,0,1.0
253,3,261.13,426.68,334.74,84.38,0.83,2,1.0
253,5,935.44,515.74,111.53,65.92,0.87,0,1.0
253,11,82.13,583.07,102.12,158.46,0.78,3,1.0
254,1,198.39,518.91,84.51,55.12,0.86,0,1.0
254,3,260.98,426.13,335.05,84.68,0.83,2,1.0
254,5,932.13,515.68,111.95,65.44,0.88,0,1.0
254,11,82.73,582.05,101.19,158.07,0.82,3,1.0
255,1,196.79,519.62,85.38,54.48,0.86,0,1.0
255,3,261.10,426.78,334.71,84.23,0.82,2,1.0
255,5,931.05,516.11,110.32,65.24,0.86,0,1.0
255,11,82.73,581.11,101.10,158.60,0.83,3,1.0
256,1,195.72,519.58,85.10,54.42,0.86,0,1.0
256,3,261.03,427.18,334.64,83.91,0.82,2,1.0
256,5,928.94,516.65,110.12,64.88,0.50,0,1.0
256,11,82.64,579.24,101.04,159.46,0.82,3,1.0
256,13,929.19,516.67,110.84,64.85,0.73,2,1.0
256,16,929.19,516.67,110.84,64.85,0.73,0,1.0
257,3,261.31,427.10,334.55,83.97,0.82,2,1.0
257,11,83.39,579.79,100.31,157.87,0.81,3,1.0
257,16,927.47,518.10,113.93,64.37,0.85,0,1.0
258,3,261.44,426.80,334.51,84.24,0.82,2,1.0
258,11,83.63,578.88,99.82,159.13,0.81,3,1.0
258,16,927.08,519.07,113.46,65.50,0.88,0,1.0
258,1,192.13,520.54,85.67,53.58,0.53,0,1.0
258,17,192.13,520.54,85.67,53.58,0.53,0,1.0
259,3,261.39,426.92,334.69,84.02,0.82,2,1.0
259,11,83.91,577.27,99.74,160.41,0.83,3,1.0
259,16,924.84,518.84,118.55,66.66,0.85,0,1.0
259,1,191.68,520.32,84.23,53.62,0.51,0,1.0
260,3,261.44,426.67,334.59,84.49,0.82,2,1.0
260,11,83.84,576.83,99.83,161.35,0.81,3,1.0
260,16,924.22,518.73,115.37,66.66,0.87,0,1.0
260,1,190.82,520.57,82.72,52.84,0.64,0,1.0
261,3,261.86,426.64,334.21,84.48,0.83,2,1.0
261,11,83.56,576.77,100.33,162.32,0.81,3,1.0
261,16,915.59,518.77,123.98,66.43,0.90,0,1.0
261,1,189.95,520.40,83.22,53.10,0.74,0,1.0
262,3,262.01,426.37,334.17,84.80,0.83,2,1.0
262,11,83.93,578.40,100.14,161.02,0.80,3,1.0
262,16,904.40,518.84,134.66,66.94,0.89,0,1.0
262,1,189.35,520.32,82.55,53.48,0.81,0,1.0
263,3,261.82,426.23,334.45,85.08,0.83,2,1.0
263,11,84.68,579.70,99.40,160.52,0.80,3,1.0
263,16,907.96,520.22,130.20,65.91,0.80,0,1.0
263,1,185.75,520.38,85.65,54.15,0.81,0,1.0
264,3,261.99,426.44,334.31,84.94,0.83,2,1.0
264,11,84.29,579.19,100.30,161.61,0.78,3,1.0
264,16,922.61,520.29,112.50,64.22,0.69,0,1.0
264,1,185.53,520.92,84.27,53.11,0.82,0,1.0
265,3,262.50,426.61,333.80,84.71,0.83,2,1.0
265,11,82.74,580.04,102.41,162.73,0.79,3,1.0
265,16,924.85,520.03,109.54,64.49,0.62,0,1.0
265,1,185.13,521.22,83.44,52.72,0.82,0,1.0
266,3,262.38,426.59,333.83,84.57,0.82,2,1.0
266,11,82.62,580.64,102.59,162.36,0.79,3,1.0
266,16,920.19,519.09,108.89,66.10,0.51,0,1.0
266,1,182.45,520.53,85.51,52.80,0.81,0,1.0
267,3,261.51,426.75,334.50,84.36,0.83,2,1.0
267,11,82.27,581.70,102.58,161.35,0.81,3,1.0
267,16,912.77,517.90,115.60,68.09,0.82,0,1.0
267,1,180.00,520.52,85.17,53.08,0.77,0,1.0
268,3,261.85,426.93,334.04,84.31,0.82,2,1.0
268,11,81.63,581.05,103.94,164.37,0.83,3,1.0
268,16,912.89,517.62,113.41,68.07,0.80,0,1.0
268,1,178.15,520.31,85.01,52.80,0.78,0,1.0
269,3,262.05,426.08,334.15,85.16,0.83,2,1.0
269,11,81.28,582.62,104.00,163.79,0.84,3,1.0
269,16,912.55,516.88,105.85,69.28,0.80,0,1.0
269,1,177.85,519.73,83.81,53.37,0.82,0,1.0
270,3,261.93,425.81,333.77,85.32,0.83,2,1.0
270,11,81.51,584.92,104.11,163.60,0.85,3,1.0
270,16,911.44,516.75,108.23,69.76,0.82,0,1.0
270,1,177.17,519.53,83.93,53.39,0.83,0,1.0
271,3,261.94,426.08,333.73,84.98,0.83,2,1.0
271,11,81.57,584.34,104.49,166.48,0.83,3,1.0
271,16,909.57,517.39,107.95,69.29,0.78,0,1.0
271,1,176.70,520.26,83.81,52.93,0.82,0,1.0
272,3,262.03,425.77,334.87,85.13,0.83,2,1.0
272,11,82.24,584.60,103.18,167.86,0.84,3,1.0
272,16,909.21,517.65,77.39,67.91,0.67,0,1.0
272,1,176.62,519.57,82.82,53.22,0.83,0,1.0
273,3,261.69,426.17,334.73,84.86,0.83,2,1.0
273,11,81.35,585.44,104.46,167.84,0.82,3,1.0
273,16,907.29,518.05,76.09,68.71,0.70,0,1.0
273,1,175.57,519.13,82.47,54.14,0.84,0,1.0
274,3,261.26,425.07,335.23,85.55,0.83,2,1.0
274,11,81.35,586.47,104.42,167.05,0.82,3,1.0
274,16,906.17,517.03,93.48,69.34,0.69,0,1.0
274,1,174.65,517.21,82.41,55.81,0.83,0,1.0
275,3,261.44,425.87,335.12,84.82,0.83,2,1.0
275,11,81.42,586.65,104.76,167.98,0.83,3,1.0
275,16,904.49,518.06,89.42,67.84,0.80,0,1.0
275,1,171.36,519.74,82.49,54.22,0.79,0,1.0
276,3,262.11,426.06,334.49,84.68,0.82,2,1.0
276,11,81.67,587.24,104.45,167.97,0.86,3,1.0
276,16,902.92,517.93,86.50,67.54,0.83,0,1.0
276,1,169.10,518.66,84.65,55.46,0.77,0,1.0
277,3,262.34,426.22,334.20,84.45,0.82,2,1.0
277,11,83.32,589.40,103.86,167.00,0.87,3,1.0
277,16,901.89,518.43,84.39,65.84,0.80,0,1.0
277,1,166.45,519.83,86.54,53.88,0.76,0,1.0
278,3,262.49,426.17,333.95,84.42,0.83,2,1.0
278,11,84.04,591.42,102.60,165.51,0.87,3,1.0
278,16,900.96,518.64,68.46,65.12,0.69,0,1.0
278,1,164.66,519.44,86.27,54.54,0.80,0,1.0
279,3,262.12,426.53,334.37,83.98,0.83,2,1.0
279,11,85.14,593.17,100.99,162.94,0.86,3,1.0
279,16,898.43,518.04,84.05,66.19,0.73,0,1.0
279,1,164.73,519.66,84.72,54.80,0.78,0,1.0
280,3,262.03,426.55,334.55,84.16,0.82,2,1.0
280,11,85.34,594.67,101.02,162.71,0.84,3,1.0
280,16,896.26,518.57,86.75,67.02,0.83,0,1.0
280,1,163.17,519.39,84.58,55.94,0.81,0,1.0
281,3,261.98,426.75,334.59,83.74,0.82,2,1.0
281,11,86.27,597.46,100.15,160.32,0.84,3,1.0
281,16,894.21,518.23,89.01,67.19,0.84,0,1.0
281,1,162.25,519.67,84.07,55.33,0.79,0,1.0
282,3,262.62,426.48,334.23,83.95,0.83,2,1.0
282,11,86.86,598.69,99.48,159.56,0.85,3,1.0
282,16,893.39,517.27,87.63,66.82,0.83,0,1.0
282,1,161.71,519.37,84.10,55.09,0.78,0,1.0
283,3,262.53,426.47,334.26,83.86,0.83,2,1.0
283,11,87.01,602.28,100.02,157.29,0.84,3,1.0
283,16,893.13,516.83,88.28,66.98,0.84,0,1.0
283,1,159.17,519.50,84.94,55.22,0.76,0,1.0
284,3,262.74,426.61,333.98,83.93,0.83,2,1.0
284,11,86.64,602.24,100.67,158.79,0.86,3,1.0
284,16,891.53,517.01,90.70,67.47,0.85,0,1.0
284,1,156.64,520.33,86.77,53.78,0.69,0,1.0
285,3,263.15,426.18,333.86,84.39,0.83,2,1.0
285,11,87.59,605.96,100.04,155.80,0.85,3,1.0
285,16,890.09,516.42,100.37,69.01,0.84,0,1.0
285,1,153.81,519.67,88.12,53.90,0.71,0,1.0
286,3,262.64,426.19,334.53,84.39,0.83,2,1.0
286,11,88.30,607.29,99.09,154.21,0.83,3,1.0
286,16,887.39,515.96,107.28,69.49,0.87,0,1.0
286,1,152.76,520.17,87.65,53.18,0.62,0,1.0
287,3,262.39,425.95,334.46,84.65,0.83,2,1.0
287,11,88.02,609.21,99.67,151.28,0.85,3,1.0
287,16,885.97,516.80,109.07,69.78,0.87,0,1.0
287,1,151.48,519.87,86.85,53.35,0.77,0,1.0
288,3,262.60,426.07,334.14,84.61,0.83,2,1.0
288,11,87.67,609.50,100.30,150.90,0.80,3,1.0
288,16,885.06,517.09,110.56,69.98,0.87,0,1.0
288,1,151.21,519.63,84.49,53.40,0.80,0,1.0
289,3,262.25,426.01,334.53,84.89,0.83,2,1.0
289,11,88.46,610.23,99.55,149.79,0.81,3,1.0
289,16,883.17,518.31,115.85,69.00,0.87,0,1.0
289,1,150.58,520.24,84.65,53.91,0.81,0,1.0
290,3,261.70,425.84,335.01,84.98,0.84,2,1.0
290,11,87.71,610.87,100.23,148.48,0.80,3,1.0
290,16,882.14,517.84,114.32,69.67,0.86,0,1.0
290,1,149.17,519.90,82.33,54.11,0.83,0,1.0
291,3,261.58,426.13,334.85,84.59,0.84,2,1.0
291,11,87.23,611.49,100.95,147.32,0.80,3,1.0
291,16,880.47,518.61,112.80,68.82,0.87,0,1.0
291,1,146.25,520.22,83.44,52.82,0.75,0,1.0
292,3,261.85,426.38,334.72,84.72,0.83,2,1.0
292,11,87.62,612.87,100.48,145.97,0.78,3,1.0
292,16,879.49,518.60,110.31,68.91,0.87,0,1.0
292,1,144.75,520.91,83.89,51.82,0.77,0,1.0
293,3,261.73,427.02,334.99,84.01,0.83,2,1.0
293,11,86.58,613.67,101.29,144.68,0.77,3,1.0
293,16,878.40,518.04,111.44,69.53,0.87,0,1.0
293,1,142.54,520.92,85.41,51.52,0.75,0,1.0
294,3,262.01,426.62,334.73,84.47,0.83,2,1.0
294,11,85.16,614.22,101.84,143.88,0.80,3,1.0
294,16,877.22,518.57,109.41,69.29,0.85,0,1.0
294,1,139.99,520.67,86.47,52.35,0.68,0,1.0
295,3,261.71,426.37,335.22,84.36,0.84,2,1.0
295,11,85.17,615.01,101.51,142.36,0.80,3,1.0
295,16,875.58,518.16,111.55,69.81,0.86,0,1.0
295,1,139.45,520.82,85.76,51.49,0.67,0,1.0
296,3,261.85,426.55,335.43,84.47,0.84,2,1.0
296,11,84.34,614.44,101.38,143.17,0.77,3,1.0
296,16,873.53,519.47,111.70,69.33,0.88,0,1.0
296,1,139.00,520.93,84.23,51.39,0.71,0,1.0
296,14,675.45,401.12,486.73,111.70,0.26,2,1.0
297,3,261.93,426.58,335.14,84.44,0.83,2,1.0
297,11,82.42,615.50,103.24,141.15,0.78,3,1.0
297,16,872.05,519.61,111.73,69.39,0.88,0,1.0
297,1,138.13,520.76,83.01,51.37,0.71,0,1.0
298,3,261.57,426.60,335.37,84.47,0.83,2,1.0
298,11,81.58,615.14,103.88,140.77,0.68,3,1.0
298,16,870.85,519.55,110.09,69.87,0.87,0,1.0
298,1,135.55,521.31,84.03,51.06,0.73,0,1.0
299,3,261.85,426.73,335.05,84.26,0.83,2,1.0
299,11,80.89,615.47,103.24,139.98,0.74,3,1.0
299,16,870.18,519.10,107.29,70.51,0.87,0,1.0
299,1,134.01,520.85,86.14,51.40,0.77,0,1.0
300,3,261.99,426.92,335.30,84.25,0.83,2,1.0
300,11,80.18,614.01,103.48,141.18,0.69,3,1.0
300,16,869.03,518.71,107.73,70.74,0.87,0,1.0
300,1,132.41,521.08,87.61,51.89,0.65,0,1.0
301,3,261.85,426.64,335.20,84.31,0.83,2,1.0
301,11,79.24,613.80,103.74,141.61,0.79,3,1.0
301,16,867.96,518.25,109.31,70.94,0.88,0,1.0
301,1,130.30,521.35,90.52,51.07,0.65,0,1.0
302,3,261.73,426.55,335.67,84.49,0.84,2,1.0
302,11,78.64,613.70,103.60,141.58,0.72,3,1.0
302,16,866.66,517.75,113.51,71.23,0.89,0,1.0
302,1,129.84,521.96,89.46,50.25,0.59,0,1.0
303,3,261.57,426.45,335.95,84.51,0.84,2,1.0
303,11,78.44,612.67,103.15,142.38,0.75,3,1.0
303,16,865.53,517.27,115.46,70.98,0.88,0,1.0
303,1,129.05,521.63,87.02,50.12,0.69,0,1.0
304,3,261.34,426.66,335.88,84.41,0.84,2,1.0
304,11,77.91,611.04,103.34,144.38,0.72,3,1.0
304,16,864.70,517.70,115.47,71.33,0.88,0,1.0
304,1,128.23,521.35,85.44,50.79,0.70,0,1.0
305,3,261.29,426.78,335.85,84.31,0.83,2,1.0
305,11,80.59,610.76,99.48,142.32,0.74,3,1.0
305,16,863.59,517.62,114.65,70.67,0.87,0,1.0
305,1,125.58,521.30,87.26,51.20,0.74,0,1.0
306,3,261.07,426.93,336.09,84.27,0.83,2,1.0
306,11,80.27,610.22,99.18,142.25,0.75,3,1.0
306,16,861.44,517.86,116.49,71.31,0.87,0,1.0
306,1,123.27,520.63,88.36,52.58,0.62,0,1.0
307,3,261.35,427.03,336.06,84.06,0.83,2,1.0
307,11,81.42,608.71,97.70,143.81,0.72,3,1.0
307,16,860.61,518.68,111.75,70.17,0.84,0,1.0
307,1,118.74,520.09,91.16,52.80,0.62,0,1.0
308,3,261.33,426.87,335.83,84.21,0.83,2,1.0
308,11,81.22,607.59,97.20,143.42,0.69,3,1.0
308,16,859.58,519.15,113.28,69.83,0.82,0,1.0
308,1,117.80,521.37,88.05,51.12,0.62,0,1.0
308,14,674.94,399.95,486.75,112.13,0.30,2,1.0
309,3,261.27,426.94,335.62,84.20,0.83,2,1.0
309,11,80.29,604.62,97.82,145.70,0.61,3,1.0
309,16,857.41,518.42,107.05,71.35,0.83,0,1.0
309,1,115.00,520.92,89.24,52.09,0.56,0,1.0
310,3,260.93,426.66,335.98,84.36,0.84,2,1.0
310,11,79.64,602.21,98.37,145.01,0.79,3,1.0
310,16,855.89,519.22,108.62,70.28,0.84,0,1.0
310,1,114.69,520.99,86.09,51.65,0.68,0,1.0
311,3,260.70,426.91,336.44,84.10,0.84,2,1.0
311,11,80.01,600.03,96.85,145.94,0.83,3,1.0
311,16,854.76,519.17,108.10,70.23,0.77,0,1.0
311,1,112.40,520.74,86.71,52.19,0.73,0,1.0
312,3,261.03,426.62,336.03,84.54,0.84,2,1.0
312,11,79.71,598.35,95.96,146.86,0.84,3,1.0
312,16,854.40,519.06,110.23,71.23,0.81,0,1.0
312,1,108.40,519.80,90.66,53.45,0.78,0,1.0
313,3,261.42,426.46,335.77,84.80,0.84,2,1.0
313,11,79.01,596.47,96.92,147.04,0.79,3,1.0
313,16,853.34,519.19,109.76,70.84,0.59,0,1.0
313,1,107.19,520.17,90.26,53.70,0.79,0,1.0
314,3,261.15,426.58,335.91,84.66,0.84,2,1.0
314,11,78.30,595.27,96.88,147.15,0.84,3,1.0
314,16,851.10,519.39,108.06,71.93,0.84,0,1.0
314,1,104.59,520.44,92.90,53.43,0.83,0,1.0
315,3,260.05,426.30,336.41,84.89,0.84,2,1.0
315,11,78.25,592.89,96.85,147.15,0.70,3,1.0
315,16,849.59,519.43,102.17,72.23,0.81,0,1.0
315,1,103.09,519.78,93.19,53.89,0.82,0,1.0
316,3,260.36,426.72,336.33,84.57,0.83,2,1.0
316,11,78.48,592.65,96.44,146.22,0.68,3,1.0
316,16,848.18,519.43,104.81,72.76,0.83,0,1.0
316,1,102.56,519.83,92.71,53.50,0.78,0,1.0
317,3,260.44,426.78,336.37,84.52,0.83,2,1.0
317,11,77.85,589.85,98.19,149.39,0.59,3,1.0
317,16,845.59,519.04,109.12,73.32,0.85,0,1.0
317,1,95.71,519.69,97.73,53.44,0.74,0,1.0
318,3,259.76,426.78,337.09,84.44,0.83,2,1.0
318,16,843.33,518.36,112.83,73.74,0.87,0,1.0
318,1,91.80,519.10,99.07,53.58,0.80,0,1.0
318,7,77.62,589.24,97.70,149.81,0.46,3,1.0
319,3,259.83,426.75,337.35,84.40,0.83,2,1.0
319,16,843.13,518.62,112.90,73.11,0.87,0,1.0
319,1,89.90,518.96,99.96,53.46,0.79,0,1.0
319,14,676.11,399.68,486.42,112.40,0.25,2,1.0
319,11,75.50,589.27,100.16,150.00,0.31,3,1.0
320,3,260.59,426.54,336.53,84.78,0.83,2,1.0
320,16,842.90,518.35,109.09,73.13,0.86,0,1.0
320,1,89.11,518.83,99.13,53.19,0.68,0,1.0
320,7,76.08,588.64,99.69,149.61,0.31,3,1.0
321,3,259.92,426.59,337.05,84.75,0.83,2,1.0
321,16,842.43,518.75,107.03,73.56,0.85,0,1.0
321,1,87.54,520.01,97.61,51.79,0.65,0,1.0
321,11,76.23,588.61,99.38,149.97,0.30,3,1.0
322,3,260.63,426.67,336.63,84.60,0.83,2,1.0
322,16,840.80,517.91,106.16,74.28,0.84,0,1.0
322,1,84.44,519.86,100.50,51.46,0.53,0,1.0
323,3,260.71,426.07,336.72,84.91,0.83,2,1.0
323,16,840.29,518.20,112.64,73.49,0.79,0,1.0
323,1,83.92,519.79,99.69,51.39,0.50,0,1.0
324,3,260.97,426.70,336.23,84.43,0.83,2,1.0
324,16,837.87,518.62,113.65,73.26,0.85,0,1.0
325,3,260.49,426.50,336.37,84.34,0.83,2,1.0
325,16,836.63,519.38,112.84,72.07,0.85,0,1.0
325,11,76.57,580.97,101.36,156.64,0.37,3,1.0
325,1,79.76,519.61,98.64,50.56,0.28,0,1.0
325,18,79.76,519.61,98.64,50.56,0.54,2,1.0
326,3,260.56,425.88,336.64,84.95,0.83,2,1.0
326,16,836.42,519.79,111.15,71.42,0.86,0,1.0
326,1,78.69,519.81,98.00,50.25,0.59,0,1.0
326,7,77.05,582.92,101.43,154.11,0.43,3,1.0
327,3,260.42,425.99,336.67,84.52,0.83,2,1.0
327,16,834.54,519.38,111.31,71.43,0.87,0,1.0
327,1,78.50,519.96,96.53,50.56,0.53,0,1.0
327,11,77.94,581.55,100.33,155.30,0.44,3,1.0
327,18,78.50,519.96,96.53,50.56,0.26,2,1.0
328,3,260.12,426.53,336.94,84.16,0.83,2,1.0
328,16,832.46,519.77,111.79,71.24,0.87,0,1.0
328,18,79.06,520.28,92.47,50.59,0.64,2,1.0
328,7,78.23,580.59,99.62,156.17,0.44,3,1.0
329,3,260.54,426.07,336.84,84.52,0.83,2,1.0
329,16,831.80,519.68,111.22,71.38,0.88,0,1.0
329,18,74.86,520.81,96.70,49.97,0.68,2,1.0
329,7,79.11,579.24,99.07,156.35,0.55,3,1.0
330,3,260.49,426.12,337.13,84.62,0.84,2,1.0
330,16,830.79,520.39,109.99,71.09,0.87,0,1.0
330,18,70.18,520.09,98.68,50.51,0.65,2,1.0
330,7,78.58,581.07,99.64,155.00,0.55,3,1.0
331,3,260.57,425.67,337.00,85.08,0.84,2,1.0
331,16,829.64,519.34,109.82,72.60,0.89,0,1.0
331,7,78.56,581.81,99.90,154.33,0.60,3,1.0
331,1,67.32,519.55,99.61,50.67,0.47,0,1.0
332,3,260.32,425.99,337.23,84.93,0.84,2,1.0
332,16,828.81,519.70,109.18,72.50,0.88,0,1.0
332,7,79.29,579.60,98.92,156.51,0.62,3,1.0
332,1,65.13,520.25,100.92,50.19,0.57,0,1.0
332,18,65.13,520.25,100.92,50.19,0.29,2,1.0
333,3,260.22,425.78,337.20,85.24,0.84,2,1.0
333,16,828.53,519.86,109.09,72.37,0.88,0,1.0
333,7,79.56,581.61,99.48,155.38,0.67,3,1.0
334,3,259.91,425.77,337.35,85.15,0.84,2,1.0
334,16,827.44,520.31,108.26,71.65,0.87,0,1.0
334,7,79.50,581.82,99.65,155.88,0.76,3,1.0
334,1,63.28,522.28,99.66,47.69,0.54,0,1.0
334,19,63.28,522.28,99.66,47.69,0.54,0,1.0
335,3,259.80,425.97,337.53,84.81,0.84,2,1.0
335,16,826.26,520.33,108.86,71.65,0.86,0,1.0
335,7,80.77,582.38,98.44,155.77,0.72,3,1.0
335,1,61.65,522.76,98.40,47.50,0.62,0,1.0
336,3,260.11,426.39,337.03,84.48,0.84,2,1.0
336,16,825.92,519.67,107.71,71.99,0.79,0,1.0
336,7,80.98,582.99,98.63,155.24,0.81,3,1.0
336,1,63.14,522.79,94.78,46.92,0.70,0,1.0
337,3,260.02,425.89,337.07,84.93,0.84,2,1.0
337,16,823.80,519.53,110.13,71.17,0.86,0,1.0
337,7,81.07,582.13,98.77,155.53,0.84,3,1.0
337,1,61.26,521.94,93.95,46.88,0.65,0,1.0
338,3,259.37,426.03,337.80,84.95,0.85,2,1.0
338,16,822.20,519.41,108.22,71.51,0.84,0,1.0
338,7,80.89,582.90,99.62,156.41,0.86,3,1.0
338,1,59.63,522.70,93.76,46.90,0.52,0,1.0
338,19,59.63,522.70,93.76,46.90,0.28,0,1.0
339,3,260.08,425.97,337.08,84.71,0.85,2,1.0
339,16,821.41,519.42,108.24,71.22,0.85,0,1.0
339,7,82.02,584.09,99.68,155.78,0.86,3,1.0
339,1,57.22,522.36,95.05,46.86,0.62,0,1.0
340,3,259.91,426.09,337.41,84.60,0.84,2,1.0
340,16,820.68,519.08,107.51,71.88,0.86,0,1.0
340,7,81.92,582.95,100.38,159.00,0.87,3,1.0
340,1,55.72,523.29,94.55,47.29,0.71,0,1.0
341,3,259.75,426.07,337.56,84.78,0.84,2,1.0
341,16,819.38,518.46,108.97,73.21,0.88,0,1.0
341,7,80.94,584.64,100.98,159.33,0.82,3,1.0
341,1,55.24,522.91,93.54,48.01,0.72,0,1.0
342,3,260.31,426.28,336.75,84.55,0.84,2,1.0
342,16,818.55,518.64,106.61,72.58,0.87,0,1.0
342,7,81.34,585.06,100.88,160.96,0.82,3,1.0
342,1,55.15,522.76,92.59,48.34,0.61,0,1.0
343,3,259.81,425.86,337.45,84.88,0.85,2,1.0
343,16,817.43,519.12,105.87,72.68,0.87,0,1.0
343,7,81.70,584.74,100.55,162.46,0.79,3,1.0
343,1,53.12,523.26,91.96,47.87,0.70,0,1.0
344,3,259.95,425.98,337.13,84.94,0.85,2,1.0
344,16,816.16,519.45,104.54,71.92,0.86,0,1.0
344,7,81.83,587.24,100.92,162.25,0.82,3,1.0
344,1,50.75,522.14,91.99,48.51,0.79,0,1.0
345,3,259.91,426.20,337.15,84.74,0.84,2,1.0
345,16,814.69,519.40,105.11,72.16,0.85,0,1.0
345,7,81.43,586.82,102.24,164.67,0.83,3,1.0
345,1,47.37,521.72,93.21,49.19,0.80,0,1.0
346,3,260.04,425.47,337.22,85.65,0.84,2,1.0
346,16,813.24,519.54,105.80,72.06,0.86,0,1.0
346,7,81.67,586.61,103.21,166.68,0.80,3,1.0
346,1,46.31,521.99,92.89,48.99,0.81,0,1.0
347,3,259.73,425.97,337.26,85.14,0.84,2,1.0
347,16,811.28,519.33,105.11,72.82,0.85,0,1.0
347,7,82.17,587.16,102.47,167.30,0.82,3,1.0
347,1,41.04,524.32,96.28,47.16,0.76,0,1.0
348,3,259.92,425.80,337.14,85.37,0.85,2,1.0
348,16,808.99,519.12,106.52,73.23,0.85,0,1.0
348,7,81.26,589.81,103.53,167.96,0.84,3,1.0
348,1,35.46,523.97,100.77,47.63,0.67,0,1.0
349,3,260.10,425.73,337.37,85.31,0.85,2,1.0
349,16,808.11,519.24,105.36,72.54,0.86,0,1.0
349,7,82.00,592.99,102.89,165.72,0.81,3,1.0
349,18,27.29,524.24,105.82,48.37,0.47,2,1.0
350,3,260.04,425.71,337.15,85.34,0.85,2,1.0
350,16,806.99,518.40,104.87,73.78,0.87,0,1.0
350,7,82.17,596.26,102.74,163.75,0.79,3,1.0
350,18,33.74,524.31,96.71,48.39,0.63,2,1.0
351,3,259.80,425.36,336.96,85.69,0.85,2,1.0
351,16,806.69,518.80,103.90,73.26,0.87,0,1.0
351,7,82.79,596.96,102.29,163.52,0.79,3,1.0
351,18,37.70,523.79,90.99,48.83,0.61,2,1.0
352,3,260.12,426.50,336.70,84.52,0.85,2,1.0
352,16,805.84,518.96,104.55,72.17,0.84,0,1.0
352,7,82.27,597.08,102.84,164.81,0.77,3,1.0
352,1,35.18,523.56,92.45,49.31,0.38,0,1.0
353,3,260.28,426.27,337.41,84.75,0.84,2,1.0
353,16,804.77,519.05,104.52,73.13,0.86,0,1.0
353,7,82.63,597.88,104.02,164.07,0.75,3,1.0
353,1,29.95,522.28,96.39,50.78,0.51,0,1.0
354,3,259.77,425.87,337.21,85.21,0.85,2,1.0
354,16,802.84,518.54,107.27,73.27,0.83,0,1.0
354,7,82.75,602.77,103.97,159.60,0.80,3,1.0
354,18,24.11,520.23,100.43,52.36,0.42,2,1.0
355,3,259.60,425.87,337.40,85.00,0.85,2,1.0
355,16,802.65,518.48,106.55,72.90,0.84,0,1.0
355,7,82.65,603.87,103.65,157.90,0.77,3,1.0
355,1,21.33,523.65,101.29,48.77,0.48,0,1.0
356,3,259.69,425.97,337.33,85.09,0.84,2,1.0
356,16,801.17,518.42,98.72,72.91,0.78,0,1.0
356,7,82.29,607.36,103.34,153.68,0.70,3,1.0
356,1,21.16,519.95,99.56,52.64,0.69,0,1.0
357,3,259.53,426.55,337.38,84.51,0.84,2,1.0
357,16,800.00,518.79,88.31,72.83,0.78,0,1.0
357,7,82.88,609.26,101.75,152.06,0.74,3,1.0
357,1,20.17,520.38,97.47,52.95,0.71,0,1.0
358,3,259.87,426.76,337.17,84.19,0.85,2,1.0
358,16,797.96,519.08,95.62,72.86,0.79,0,1.0
358,7,82.97,608.29,101.86,153.12,0.79,3,1.0
358,1,17.90,518.07,99.27,55.12,0.64,0,1.0
359,3,259.44,427.08,337.68,83.62,0.84,2,1.0
359,16,796.33,519.17,101.05,72.76,0.83,0,1.0
359,7,82.90,609.32,101.75,151.98,0.73,3,1.0
359,1,16.10,514.52,99.18,58.21,0.74,0,1.0
359,18,16.03,513.83,99.43,58.22,0.48,2,1.0
360,3,259.59,427.44,337.78,83.37,0.84,2,1.0
360,16,794.60,519.40,106.75,72.85,0.85,0,1.0
360,7,83.15,610.38,100.83,151.72,0.76,3,1.0
360,18,12.02,512.34,102.90,61.34,0.59,2,1.0
361,3,259.51,427.10,337.53,83.71,0.84,2,1.0
361,16,793.51,518.61,106.34,74.08,0.87,0,1.0
361,7,82.39,612.50,101.33,149.17,0.78,3,1.0
361,18,13.03,512.89,96.82,60.93,0.68,2,1.0
362,3,259.76,427.01,337.59,84.10,0.85,2,1.0
362,16,792.59,519.03,107.13,73.74,0.86,0,1.0
362,7,82.58,613.12,100.77,148.55,0.82,3,1.0
362,18,9.42,512.73,98.27,61.47,0.70,2,1.0
362,20,1844.38,587.90,75.62,85.42,0.54,0,1.0
363,3,259.41,426.93,337.88,83.94,0.85,2,1.0
363,16,791.30,519.40,105.30,73.77,0.86,0,1.0
363,7,82.44,613.25,99.88,148.17,0.82,3,1.0
363,18,9.06,512.69,96.59,61.49,0.79,2,1.0
363,20,1836.31,590.87,83.69,80.68,0.75,0,1.0
364,3,259.74,427.07,337.51,84.33,0.85,2,1.0
364,16,790.13,520.00,106.35,73.14,0.86,0,1.0
364,7,81.45,614.09,100.03,147.66,0.79,3,1.0
364,18,7.82,511.53,96.61,61.79,0.55,2,1.0
365,3,259.85,427.26,337.46,84.51,0.84,2,1.0
365,16,789.84,521.70,105.73,71.74,0.86,0,1.0
365,7,80.81,615.48,100.44,146.32,0.82,3,1.0
365,18,6.16,510.70,97.04,62.63,0.73,2,1.0
365,20,1827.61,584.61,92.39,89.05,0.47,0,1.0
366,3,259.75,427.11,337.47,84.39,0.84,2,1.0
366,16,787.97,520.48,106.42,73.20,0.87,0,1.0
366,7,79.68,616.55,100.81,144.59,0.82,3,1.0
366,18,3.32,509.73,97.44,63.82,0.74,2,1.0
366,20,1821.56,567.71,98.44,105.98,0.64,0,1.0
367,3,259.56,427.47,337.50,83.74,0.84,2,1.0
367,16,786.77,520.40,106.79,73.27,0.87,0,1.0
367,7,78.42,616.46,101.73,143.86,0.80,3,1.0
367,18,0.11,509.30,99.26,65.00,0.78,2,1.0
367,20,1815.75,558.99,104.25,115.20,0.80,0,1.0
368,3,259.78,427.50,337.55,84.24,0.84,2,1.0
368,16,784.66,520.83,108.47,73.38,0.87,0,1.0
368,7,77.81,616.72,101.81,143.25,0.79,3,1.0
368,18,0.00,508.33,97.61,65.73,0.84,2,1.0
368,20,1812.10,563.44,107.90,110.67,0.86,0,1.0
369,3,259.65,427.66,337.81,84.02,0.84,2,1.0
369,16,783.30,521.43,108.74,73.00,0.87,0,1.0
369,7,77.95,617.87,100.22,141.83,0.81,3,1.0
369,18,0.06,508.05,94.97,65.48,0.65,2,1.0
369,20,1806.27,564.76,113.73,109.27,0.82,0,1.0
370,3,259.34,427.12,337.57,84.68,0.84,2,1.0
370,16,782.43,521.07,108.85,73.61,0.87,0,1.0
370,7,77.56,617.71,100.42,141.60,0.78,3,1.0
370,20,1801.39,549.25,118.42,125.31,0.69,0,1.0
370,19,0.00,506.93,94.14,67.38,0.31,0,1.0
370,1,0.00,506.93,94.14,67.38,0.40,0,1.0
371,3,259.63,427.63,337.25,84.15,0.84,2,1.0
371,16,781.16,520.94,108.73,73.65,0.87,0,1.0
371,7,77.71,617.76,99.91,140.77,0.72,3,1.0
371,20,1796.76,549.11,123.15,126.18,0.80,0,1.0
371,19,0.00,507.57,92.99,66.85,0.52,0,1.0
372,3,259.60,428.11,337.73,83.92,0.84,2,1.0
372,16,780.45,520.61,107.34,73.93,0.86,0,1.0
372,7,77.97,617.62,99.22,140.67,0.70,3,1.0
372,20,1790.71,548.14,129.29,125.98,0.88,0,1.0
372,19,0.00,508.41,91.24,66.57,0.74,0,1.0
373,3,259.43,428.35,338.02,83.73,0.82,2,1.0
373,16,778.63,520.49,109.21,74.81,0.69,0,1.0
373,7,77.12,613.77,98.58,143.59,0.72,3,1.0
373,20,1782.40,544.49,137.60,130.51,0.83,0,1.0
373,19,0.06,507.57,89.42,67.65,0.60,0,1.0
374,3,259.57,428.60,337.96,83.41,0.83,2,1.0
374,16,777.88,521.33,108.71,74.07,0.87,0,1.0
374,7,76.85,613.34,98.64,143.29,0.67,3,1.0
374,19,0.00,509.11,86.69,66.42,0.60,0,1.0
375,3,259.65,428.81,337.90,83.06,0.82,2,1.0
375,16,777.13,521.08,108.40,73.88,0.86,0,1.0
375,7,77.14,612.93,98.41,142.25,0.67,3,1.0
375,19,0.08,518.66,82.90,56.63,0.55,0,1.0
375,20,1770.35,538.53,149.65,135.68,0.56,0,1.0
375,21,1770.35,538.53,149.65,135.68,0.56,0,1.0
376,3,259.89,428.41,337.75,83.79,0.83,2,1.0
376,16,776.32,521.72,109.12,73.51,0.87,0,1.0
376,20,1765.16,532.23,154.84,142.62,0.67,0,1.0
376,11,76.14,610.95,99.17,142.11,0.26,3,1.0
376,1,0.00,508.08,81.96,68.19,0.47,0,1.0
377,3,259.18,428.36,338.20,83.73,0.82,2,1.0
377,16,774.42,520.40,105.78,74.45,0.85,0,1.0
377,20,1757.57,531.76,162.43,140.88,0.83,0,1.0
377,11,75.18,610.50,98.68,141.95,0.80,3,1.0
377,1,0.00,522.39,80.29,53.22,0.68,0,1.0
378,3,259.53,428.58,337.64,83.43,0.83,2,1.0
378,16,773.38,521.16,101.21,73.91,0.84,0,1.0
378,20,1751.06,533.60,168.94,139.17,0.83,0,1.0
378,11,75.46,609.55,97.49,141.84,0.84,3,1.0
378,1,0.00,520.76,78.25,54.90,0.56,0,1.0
379,3,259.14,428.41,338.22,83.64,0.83,2,1.0
379,16,772.37,521.74,104.38,73.55,0.85,0,1.0
379,20,1745.26,534.25,174.74,137.81,0.80,0,1.0
379,11,74.86,609.13,97.54,140.21,0.84,3,1.0
379,1,0.00,524.26,77.35,51.25,0.70,0,1.0
380,3,259.21,427.90,338.20,84.41,0.83,2,1.0
380,16,770.73,521.37,104.86,74.63,0.85,0,1.0
380,20,1741.45,534.87,178.55,138.30,0.91,0,1.0
380,11,74.58,608.02,97.06,140.33,0.84,3,1.0
380,1,0.00,525.64,74.77,49.39,0.51,0,1.0
380,19,0.00,511.25,74.94,65.82,0.31,0,1.0
381,3,259.12,428.30,338.91,84.08,0.82,2,1.0
381,16,769.78,520.95,107.97,75.11,0.86,0,1.0
381,20,1735.63,533.85,184.37,139.76,0.86,0,1.0
381,11,74.28,606.14,96.60,140.42,0.83,3,1.0
381,1,0.00,527.28,73.18,47.71,0.58,0,1.0
381,18,0.00,513.63,73.61,63.37,0.26,2,1.0
382,3,259.33,428.16,338.08,84.27,0.82,2,1.0
382,16,768.86,521.74,109.17,74.85,0.87,0,1.0
382,20,1727.31,534.35,192.69,139.84,0.86,0,1.0
382,11,72.93,603.83,96.70,140.94,0.85,3,1.0
382,18,0.00,522.35,71.55,52.38,0.50,2,1.0
383,3,259.38,428.07,338.63,84.41,0.82,2,1.0
383,16,767.58,521.61,108.13,76.03,0.87,0,1.0
383,20,1722.98,533.37,197.02,139.97,0.82,0,1.0
383,11,72.81,601.27,96.66,142.06,0.85,3,1.0
383,18,0.00,527.17,69.54,47.76,0.57,2,1.0
384,3,259.46,428.04,338.67,84.81,0.83,2,1.0
384,16,766.01,520.80,109.80,77.34,0.88,0,1.0
384,20,1721.23,533.37,198.77,140.43,0.86,0,1.0
384,11,71.61,598.75,97.45,143.01,0.57,3,1.0
384,18,0.00,528.06,65.96,47.38,0.58,2,1.0
384,7,72.29,597.69,95.83,144.46,0.41,3,1.0
385,3,259.48,428.34,338.88,84.62,0.83,2,1.0
385,16,765.08,521.98,111.56,76.91,0.88,0,1.0
385,20,1717.25,535.30,202.75,139.56,0.71,0,1.0
385,11,71.22,597.92,97.66,142.50,0.51,3,1.0
385,18,0.00,530.05,62.53,45.86,0.70,2,1.0
386,3,259.43,428.40,338.97,84.40,0.83,2,1.0
386,16,764.36,521.45,109.12,77.56,0.87,0,1.0
386,11,70.64,595.01,98.27,144.51,0.73,3,1.0
386,18,0.00,530.12,60.53,45.36,0.76,2,1.0
386,21,1708.75,536.31,211.25,138.28,0.36,0,1.0
387,3,259.89,428.91,338.80,83.92,0.83,2,1.0
387,16,763.20,521.53,110.95,77.73,0.86,0,1.0
387,11,70.22,592.17,99.37,147.20,0.55,3,1.0
387,1,0.00,532.19,58.60,43.42,0.34,0,1.0
388,3,259.95,428.83,338.85,84.05,0.83,2,1.0
388,16,761.56,522.08,110.30,76.77,0.85,0,1.0
388,11,69.51,590.44,99.90,148.08,0.59,3,1.0
388,19,0.02,532.75,57.30,42.78,0.28,0,1.0
388,18,0.02,532.75,57.30,42.78,0.38,2,1.0
389,3,259.97,428.83,338.77,84.04,0.82,2,1.0
389,16,760.25,522.37,109.27,76.54,0.85,0,1.0
389,7,69.02,587.91,100.47,149.84,0.45,3,1.0
389,1,0.11,531.46,55.54,42.96,0.32,0,1.0
390,3,259.93,428.90,338.86,83.99,0.82,2,1.0
390,16,758.70,521.83,111.29,77.07,0.84,0,1.0
390,11,69.00,587.23,100.97,150.01,0.30,3,1.0
391,3,259.76,428.80,339.34,83.76,0.83,2,1.0
391,16,757.57,522.13,107.76,75.56,0.82,0,1.0
391,11,69.87,586.37,99.06,149.88,0.61,3,1.0
391,21,1670.88,539.70,249.12,134.95,0.46,0,1.0
392,3,259.77,428.84,340.31,83.96,0.83,2,1.0
392,16,757.26,522.72,108.79,75.30,0.83,0,1.0
392,11,69.20,585.48,101.63,150.95,0.79,3,1.0
392,20,1665.76,539.66,253.90,133.84,0.36,0,1.0
393,3,259.63,428.63,339.82,84.10,0.83,2,1.0
393,16,756.60,521.23,110.34,77.17,0.85,0,1.0
393,11,68.88,584.80,102.30,151.60,0.74,3,1.0
394,3,259.87,428.06,339.89,84.82,0.83,2,1.0
394,16,756.58,521.78,106.50,76.02,0.81,0,1.0
394,11,68.81,583.18,103.53,154.04,0.75,3,1.0
395,3,259.82,428.26,339.70,84.44,0.82,2,1.0
395,16,754.39,522.59,99.31,77.60,0.81,0,1.0
395,11,69.18,582.46,103.30,155.14,0.56,3,1.0
395,7,68.59,583.10,104.36,155.32,0.54,3,1.0
395,22,68.59,583.10,104.36,155.32,0.54,3,1.0
396,3,259.93,428.42,339.80,84.16,0.81,2,1.0
396,16,753.70,521.42,101.33,78.40,0.81,0,1.0
396,11,69.25,581.61,103.58,155.21,0.66,3,1.0
397,3,259.62,428.60,339.86,83.85,0.80,2,1.0
397,16,752.72,521.49,108.30,77.04,0.75,0,1.0
397,11,69.07,580.37,103.66,156.58,0.70,3,1.0
397,7,68.57,580.64,104.66,157.57,0.27,3,1.0
398,3,259.84,428.89,339.52,83.37,0.81,2,1.0
398,16,751.04,521.76,108.63,76.53,0.86,0,1.0
398,11,69.55,581.26,103.38,154.82,0.79,3,1.0
399,3,259.98,428.58,339.47,83.47,0.81,2,1.0
399,16,749.91,520.64,109.28,76.44,0.85,0,1.0
399,11,70.28,581.39,102.84,153.91,0.81,3,1.0
399,20,1635.83,549.31,282.47,126.72,0.27,0,1.0
400,3,259.98,428.67,339.46,83.40,0.82,2,1.0
400,16,748.47,521.88,109.49,75.67,0.84,0,1.0
400,11,70.24,578.93,102.37,156.57,0.82,3,1.0
401,3,259.95,428.72,339.15,83.21,0.82,2,1.0
401,16,747.67,521.64,109.66,75.89,0.84,0,1.0
401,11,71.03,580.10,102.75,156.33,0.76,3,1.0
402,3,259.83,428.53,339.28,83.53,0.82,2,1.0
402,16,746.80,521.02,108.90,76.14,0.83,0,1.0
402,11,71.12,580.00,103.64,157.15,0.73,3,1.0
403,3,259.58,428.69,339.29,83.27,0.82,2,1.0
403,16,745.92,521.74,109.13,75.25,0.84,0,1.0
403,11,72.52,580.30,103.79,157.10,0.80,3,1.0
404,3,259.72,428.06,339.52,83.92,0.82,2,1.0
404,16,744.52,521.04,110.83,76.30,0.86,0,1.0
404,11,72.65,579.67,104.10,158.69,0.75,3,1.0
405,3,259.28,428.13,339.59,83.76,0.82,2,1.0
405,16,743.44,520.79,111.23,77.41,0.86,0,1.0
405,11,73.57,579.40,102.58,159.57,0.70,3,1.0
406,3,259.27,428.31,339.86,83.63,0.82,2,1.0
406,16,742.63,520.67,110.18,78.58,0.86,0,1.0
406,11,73.20,582.16,102.02,157.52,0.74,3,1.0
406,21,1593.68,548.11,325.72,128.53,0.49,0,1.0
406,22,73.96,580.38,102.51,159.11,0.30,3,1.0
407,3,259.04,428.20,340.12,83.74,0.82,2,1.0
407,16,742.10,519.98,110.85,78.88,0.87,0,1.0
407,21,1588.63,549.17,330.98,127.95,0.80,0,1.0
407,22,75.21,580.72,101.49,158.90,0.83,3,1.0
408,3,259.00,428.18,340.19,83.79,0.83,2,1.0
408,16,740.18,520.56,107.70,78.32,0.87,0,1.0
408,21,1582.09,550.58,337.15,127.37,0.79,0,1.0
408,22,75.43,580.11,101.63,160.25,0.84,3,1.0
409,3,259.02,428.33,340.45,83.39,0.81,2,1.0
409,16,739.87,520.97,106.29,77.79,0.86,0,1.0
409,21,1576.31,551.32,343.05,127.00,0.85,0,1.0
409,22,76.57,580.59,101.37,160.75,0.81,3,1.0